1361746275650 2 rmnet0 0 0 10 true -1 -1 -1 -1 -1.0 -1.0 -1.0 0.0 
1361746276812 2 rmnet0 4096 388752 10 true 0 -1 -1 -1 -1 -1 -1 0 
1361746277191 2 rmnet0 4096 388752 10 true 0 -1 -1 -1 -1 -1 -1 0 
1361746278263 2 rmnet0 576 43048 10 true 0 -1 -1 -1 -1 -1 -1 0 
1361746279243 2 rmnet0 64 20 10 true 0 -1 -1 -1 -1 -1 -1 0 
1361746280262 2 rmnet0 64 20 10 true 0 -1 -1 -1 -1 -1 -1 0 
1361746281179 2 rmnet0 0 0 10 true 0 -1 -1 -1 -1 -1 -1 0 
1361746282170 2 rmnet0 0 0 10 true 0 -1 -1 -1 -1 -1 -1 0 
1361746283166 2 rmnet0 0 0 10 true 0 -1 -1 -1 -1 -1 -1 0 
1361746284172 2 rmnet0 64 20 10 true 0 -1 -1 -1 -1 -1 -1 0 
1361746285335 2 rmnet0 0 0 10 true 0 -1 -1 -1 -1 -1 -1 0 
1361746286280 2 rmnet0 0 0 10 true 0 -1 -1 -1 -1 -1 -1 0 
1361746287180 2 rmnet0 0 0 10 true 0 -1 -1 -1 -1 -1 -1 0 
1361746288162 2 rmnet0 0 0 10 true 0 -1 -1 -1 -1 -1 -1 0 
1361746289313 2 rmnet0 64 20 10 true 0 -1 -1 -1 -1 -1 -1 0 
1361746290270 2 rmnet0 0 0 10 true 0 -1 -1 -1 -1 -1 -1 0 
1361746291192 2 wlan0 2192 35636 4 true 0 -1 -1 -1 -1 -1 -1 0 
1361746292201 2 wlan0 2600 96096 4 true 0 -1 -1 -1 -1 -1 -1 0 
1361746293229 2 wlan0 7972 199472 5 true 0 -1 -1 -1 -1 -1 -1 0 
1361746294238 2 wlan0 9492 250432 5 true 0 -1 -1 -1 -1 -1 -1 0 
1361746295200 2 wlan0 1362 39312 5 true 0 -1 -1 -1 -1 -1 -1 0 
1361746296306 2 wlan0 548 8736 4 true 0 -1 -1 -1 -1 -1 -1 0 
1361746297191 2 wlan0 0 0 4 true 0 -1 -1 -1 -1 -1 -1 0 
1361746298222 2 wlan0 0 0 4 true 0 -1 -1 -1 -1 -1 -1 0 
1361746299208 2 wlan0 0 0 5 true 0 -1 -1 -1 -1 -1 -1 0 
1361746300204 2 wlan0 0 0 5 true 0 -1 -1 -1 -1 -1 -1 0 
1361746301195 2 wlan0 0 0 5 true 0 -1 -1 -1 -1 -1 -1 0 
1361746302195 2 wlan0 282 4368 5 true 0 -1 -1 -1 -1 -1 -1 0 
1361746303192 2 wlan0 78 1456 5 true 0 -1 -1 -1 -1 -1 -1 0 
1361746304170 2 wlan0 0 0 5 true 0 -1 -1 -1 -1 -1 -1 0 
1361746305180 2 wlan0 0 0 3 true 0 -1 -1 -1 -1 -1 -1 0 
1361746306193 2 wlan0 0 0 3 true 0 -1 -1 -1 -1 -1 -1 0 
1361746307193 2 wlan0 0 0 3 true 0 -1 -1 -1 -1 -1 -1 0 
1361746308205 2 wlan0 0 0 3 true 0 -1 -1 -1 -1 -1 -1 0 
1361746309196 2 wlan0 250 4368 3 true 0 -1 -1 -1 -1 -1 -1 0 
1361746310200 2 wlan0 0 0 3 true 0 -1 -1 -1 -1 -1 -1 0 
1361746311244 2 wlan0 0 0 3 true 0 -1 -1 -1 -1 -1 -1 0 
1361746312194 2 wlan0 0 0 3 true 0 -1 -1 -1 -1 -1 -1 0 
1361746313187 2 wlan0 0 0 3 true 0 -1 -1 -1 -1 -1 -1 0 
1361746314189 2 wlan0 0 0 3 true 0 -1 -1 -1 -1 -1 -1 0 
1361746315190 2 wlan0 0 0 3 true 0 -1 -1 -1 -1 -1 -1 0 
1361746316234 2 wlan0 5342 84448 3 true 0 -1 -1 -1 -1 -1 -1 0 
1361746317197 2 wlan0 8240 139776 5 true 0 -1 -1 -1 -1 -1 -1 0 
1361746318196 2 wlan0 376 5824 5 true 0 -1 -1 -1 -1 -1 -1 0 
1361746319206 2 wlan0 94 1456 5 true 0 -1 -1 -1 -1 -1 -1 0 
1361746320256 2 wlan0 0 0 4 true 0 -1 -1 -1 -1 -1 -1 0 
1361746321200 2 wlan0 454 7280 4 true 0 -1 -1 -1 -1 -1 -1 0 
1361746322292 2 wlan0 0 0 4 true 0 -1 -1 -1 -1 -1 -1 0 
1361746323208 2 wlan0 0 0 3 true 0 -1 -1 -1 -1 -1 -1 0 
1361746324207 2 wlan0 0 0 3 true 0 -1 -1 -1 -1 -1 -1 0 
1361746325201 2 wlan0 0 0 3 true 0 -1 -1 -1 -1 -1 -1 0 
1361746326217 2 wlan0 0 0 3 true 0 -1 -1 -1 -1 -1 -1 0 
1361746327223 2 wlan0 0 0 3 true 0 -1 -1 -1 -1 -1 -1 0 
1361746328196 2 wlan0 0 0 3 true 0 -1 -1 -1 -1 -1 -1 0 
1361746329204 2 wlan0 0 0 3 true 0 -1 -1 -1 -1 -1 -1 0 
1361746330227 2 wlan0 0 0 3 true 0 -1 -1 -1 -1 -1 -1 0 
1361746331203 2 wlan0 0 0 3 true 0 -1 -1 -1 -1 -1 -1 0 
1361746332239 2 wlan0 1832 48048 3 true 0 -1 -1 -1 -1 -1 -1 0 
1361746333232 2 wlan0 5668 256256 3 true 0 -1 -1 -1 -1 -1 -1 0 
1361746334215 2 wlan0 1016 27664 3 true 0 -1 -1 -1 -1 -1 -1 0 
1361746335209 2 wlan0 78 1456 3 true 0 -1 -1 -1 -1 -1 -1 0 
1361746336203 2 wlan0 78 1456 3 true 0 -1 -1 -1 -1 -1 -1 0 
1361746337206 2 wlan0 78 1456 3 true 0 -1 -1 -1 -1 -1 -1 0 
1361746338200 2 wlan0 0 0 3 true 0 -1 -1 -1 -1 -1 -1 0 
1361746339210 2 wlan0 0 0 3 true 0 -1 -1 -1 -1 -1 -1 0 
1361746340208 2 wlan0 0 0 3 true 0 -1 -1 -1 -1 -1 -1 0 
1361746341216 2 wlan0 1692 26208 2 true 0 -1 -1 -1 -1 -1 -1 0 
1361746342256 2 wlan0 1394 21840 2 true 0 -1 -1 -1 -1 -1 -1 0 
1361746343247 2 wlan0 1660 26208 2 true 0 -1 -1 -1 -1 -1 -1 0 
1361746344210 2 wlan0 940 14560 4 true 0 -1 -1 -1 -1 -1 -1 0 
1361746345209 2 wlan0 454 7280 4 true 0 -1 -1 -1 -1 -1 -1 0 
1361746346222 2 wlan0 78 1456 4 true 0 -1 -1 -1 -1 -1 -1 0 
1361746347223 2 wlan0 0 0 1 true 0 -1 -1 -1 -1 -1 -1 0 
1361746348217 2 wlan0 0 0 1 true 0 -1 -1 -1 -1 -1 -1 0 
1361746349218 2 wlan0 0 0 1 true 0 -1 -1 -1 -1 -1 -1 0 
1361746350224 2 wlan0 0 0 1 true 0 -1 -1 -1 -1 -1 -1 0 
1361746351214 2 wlan0 0 0 1 true 0 -1 -1 -1 -1 -1 -1 0 
1361746352224 2 wlan0 0 0 1 true 0 -1 -1 -1 -1 -1 -1 0 
1361746353213 2 wlan0 0 0 5 true 0 -1 -1 -1 -1 -1 -1 0 
1361746354221 2 wlan0 0 0 5 true 0 -1 -1 -1 -1 -1 -1 0 
1361746355231 2 wlan0 0 0 5 true 0 -1 -1 -1 -1 -1 -1 0 
1361746356214 2 wlan0 0 0 3 true 0 -1 -1 -1 -1 -1 -1 0 
1361746357241 2 wlan0 0 0 3 true 0 -1 -1 -1 -1 -1 -1 0 
1361746358257 2 wlan0 0 0 0 true 0 -1 -1 -1 -1 -1 -1 0 
1361746359218 2 wlan0 0 0 0 true 0 -1 -1 -1 -1 -1 -1 0 
1361746360221 2 wlan0 0 0 0 true 0 -1 -1 -1 -1 -1 -1 0 
1361746361223 2 wlan0 0 0 0 true 0 -1 -1 -1 -1 -1 -1 0 
1361746362257 2 wlan0 0 0 -1 true 0 -1 -1 -1 -1 -1 -1 0 
1361746363208 2 wlan0 0 0 -1 false 0 -1 -1 -1 -1 -1 -1 0 
1361746364250 2 wlan0 0 0 -1 false 0 -1 -1 -1 -1 -1 -1 0 
1361746365232 2 wlan0 0 0 -1 false 0 -1 -1 -1 -1 -1 -1 0 
1361746366306 2 rmnet0 888 14560 10 true 0 -1 -1 -1 -1 -1 -1 0 
1361746367245 2 rmnet0 2112 126672 10 true 0 -1 -1 -1 -1 -1 -1 0 
1361746368264 2 rmnet0 2240 190736 10 true 0 -1 -1 -1 -1 -1 -1 0 
1361746369251 2 rmnet0 3584 254800 10 true 0 -1 -1 -1 -1 -1 -1 0 
1361746370256 2 rmnet0 3776 302848 10 true 0 -1 -1 -1 -1 -1 -1 0 
1361746371324 2 rmnet0 3392 256256 10 true 0 -1 -1 -1 -1 -1 -1 0 
1361746372302 2 rmnet0 2752 187824 10 true 0 -1 -1 -1 -1 -1 -1 0 
1361746373261 2 rmnet0 2624 234416 10 true 0 -1 -1 -1 -1 -1 -1 0 
1361746374242 2 rmnet0 1152 109834 10 true 0 -1 -1 -1 -1 -1 -1 0 
1361746375254 2 rmnet0 128 40 10 true 0 -1 -1 -1 -1 -1 -1 0 
1361746376236 2 rmnet0 0 0 10 true 0 -1 -1 -1 -1 -1 -1 0 
1361746377246 2 rmnet0 64 20 10 true 0 -1 -1 -1 -1 -1 -1 0 
1361746378232 2 rmnet0 0 0 10 true 0 -1 -1 -1 -1 -1 -1 0 
1361746379248 2 rmnet0 0 0 10 true 0 -1 -1 -1 -1 -1 -1 0 
1361746380322 2 wlan0 2348 28526 4 true 0 -1 -1 -1 -1 -1 -1 0 
1361746381394 2 wlan0 2396 37856 4 true 0 -1 -1 -1 -1 -1 -1 0 
1361746382279 2 wlan0 376 5824 2 true 0 -1 -1 -1 -1 -1 -1 0 
1361746383310 2 wlan0 2256 39312 2 true 0 -1 -1 -1 -1 -1 -1 0 
1361746384335 2 wlan0 7644 145600 2 true 0 -1 -1 -1 -1 -1 -1 0 
1361746385275 2 wlan0 6642 116480 4 true 0 -1 -1 -1 -1 -1 -1 0 
1361746386311 2 wlan0 4042 62608 4 true 0 -1 -1 -1 -1 -1 -1 0 
1361746387277 2 wlan0 3916 69888 4 true 0 -1 -1 -1 -1 -1 -1 0 
1361746388271 2 wlan0 2804 55328 4 true 0 -1 -1 -1 -1 -1 -1 0 
1361746389281 2 wlan0 8992 149968 4 true 0 -1 -1 -1 -1 -1 -1 0 
1361746390238 2 wlan0 5232 138320 4 true 0 -1 -1 -1 -1 -1 -1 0 
1361746391240 2 wlan0 1974 30576 5 true 0 -1 -1 -1 -1 -1 -1 0 
1361746392291 2 wlan0 1598 24752 5 true 0 -1 -1 -1 -1 -1 -1 0 
1361746393281 2 wlan0 3868 115024 5 true 0 -1 -1 -1 -1 -1 -1 0 
1361746394248 2 wlan0 4590 69888 5 true 0 -1 -1 -1 -1 -1 -1 0 
1361746395280 2 wlan0 4902 113568 5 true 0 -1 -1 -1 -1 -1 -1 0 
1361746396262 2 wlan0 172 2912 5 true 0 -1 -1 -1 -1 -1 -1 0 
1361746397245 2 wlan0 78 1456 5 true 0 -1 -1 -1 -1 -1 -1 0 
1361746398244 2 wlan0 0 0 5 true 0 -1 -1 -1 -1 -1 -1 0 
1361746399255 2 wlan0 78 1456 5 true 0 -1 -1 -1 -1 -1 -1 0 
1361746400265 2 wlan0 0 0 3 true 0 -1 -1 -1 -1 -1 -1 0 
1361746401245 2 wlan0 0 0 3 true 0 -1 -1 -1 -1 -1 -1 0 
1361746402260 2 wlan0 0 0 3 true 0 -1 -1 -1 -1 -1 -1 0 
1361746403272 2 wlan0 0 0 3 true 0 -1 -1 -1 -1 -1 -1 0 
1361746404274 2 wlan0 0 0 3 true 0 -1 -1 -1 -1 -1 -1 0 
1361746405290 2 wlan0 0 0 3 true 0 -1 -1 -1 -1 -1 -1 0 
1361746406250 2 wlan0 0 0 2 true 0 -1 -1 -1 -1 -1 -1 0 
1361746407277 2 wlan0 0 0 2 true 0 -1 -1 -1 -1 -1 -1 0 
1361746408288 2 wlan0 0 0 2 true 0 -1 -1 -1 -1 -1 -1 0 
1361746409276 2 wlan0 0 0 7 true 0 -1 -1 -1 -1 -1 -1 0 
1361746410260 2 wlan0 0 0 7 true 0 -1 -1 -1 -1 -1 -1 0 
1361746411270 2 wlan0 0 0 7 true 0 -1 -1 -1 -1 -1 -1 0 
1361746412278 2 wlan0 0 0 7 true 0 -1 -1 -1 -1 -1 -1 0 
1361746413262 2 wlan0 0 0 7 true 0 -1 -1 -1 -1 -1 -1 0 
1361746414276 2 wlan0 0 0 7 true 0 -1 -1 -1 -1 -1 -1 0 
1361746415279 2 wlan0 0 0 7 true 0 -1 -1 -1 -1 -1 -1 0 
1361746416283 2 wlan0 0 0 7 true 0 -1 -1 -1 -1 -1 -1 0 
1361746417261 2 wlan0 0 0 7 true 0 -1 -1 -1 -1 -1 -1 0 
1361746418286 2 wlan0 0 0 7 true 0 -1 -1 -1 -1 -1 -1 0 
1361746419276 2 wlan0 0 0 7 true 0 -1 -1 -1 -1 -1 -1 0 
1361746420282 2 wlan0 0 0 7 true 0 -1 -1 -1 -1 -1 -1 0 
1361746421289 2 wlan0 0 0 7 true 0 -1 -1 -1 -1 -1 -1 0 
1361746422281 2 wlan0 0 0 7 true 0 -1 -1 -1 -1 -1 -1 0 
1361746423291 2 wlan0 3180 49504 7 true 0 -1 -1 -1 -1 -1 -1 0 
1361746424337 2 wlan0 7284 133952 7 true 0 -1 -1 -1 -1 -1 -1 0 
1361746425306 2 wlan0 8268 246064 7 true 0 -1 -1 -1 -1 -1 -1 0 
1361746426325 2 wlan0 4714 318864 7 true 0 -1 -1 -1 -1 -1 -1 0 
1361746427337 2 wlan0 2973 281008 8 true 0 -1 -1 -1 -1 -1 -1 0 
1361746428319 2 wlan0 5746 211120 8 true 0 -1 -1 -1 -1 -1 -1 0 
1361746429308 2 wlan0 2708 168896 8 true 0 -1 -1 -1 -1 -1 -1 0 
1361746430352 2 wlan0 2568 248976 8 true 0 -1 -1 -1 -1 -1 -1 0 
1361746431308 2 wlan0 7252 171808 8 true 0 -1 -1 -1 -1 -1 -1 0 
1361746432320 2 wlan0 4792 208208 8 true 0 -1 -1 -1 -1 -1 -1 0 
1361746433318 2 wlan0 10432 257712 8 true 0 -1 -1 -1 -1 -1 -1 0 
1361746434309 2 wlan0 6642 113568 8 true 0 -1 -1 -1 -1 -1 -1 0 
1361746435313 2 wlan0 3618 212576 8 true 0 -1 -1 -1 -1 -1 -1 0 
1361746436348 2 wlan0 2692 281008 5 true 0 -1 -1 -1 -1 -1 -1 0 
1361746437333 2 wlan0 4368 224224 5 true 0 -1 -1 -1 -1 -1 -1 0 
1361746438327 2 wlan0 3836 200928 5 true 0 -1 -1 -1 -1 -1 -1 0 
1361746439356 2 wlan0 7770 160160 4 true 0 -1 -1 -1 -1 -1 -1 0 
1361746440354 2 wlan0 3194 198016 4 true 0 -1 -1 -1 -1 -1 -1 0 
1361746441352 2 wlan0 4260 267904 4 true 0 -1 -1 -1 -1 -1 -1 0 
1361746442350 2 wlan0 4056 205296 6 true 0 -1 -1 -1 -1 -1 -1 0 
1361746443306 2 wlan0 3570 135408 6 true 0 -1 -1 -1 -1 -1 -1 0 
1361746444357 2 wlan0 3804 230048 6 true 0 -1 -1 -1 -1 -1 -1 0 
1361746445314 2 wlan0 3976 115024 5 true 0 -1 -1 -1 -1 -1 -1 0 
1361746446307 2 wlan0 0 0 5 true 0 -1 -1 -1 -1 -1 -1 0 
1361746447300 2 wlan0 0 0 5 true 0 -1 -1 -1 -1 -1 -1 0 
1361746448299 2 wlan0 0 0 4 true 0 -1 -1 -1 -1 -1 -1 0 
1361746449330 2 wlan0 0 0 4 true 0 -1 -1 -1 -1 -1 -1 0 
1361746450302 2 wlan0 0 0 4 true 0 -1 -1 -1 -1 -1 -1 0 
1361746451307 2 wlan0 0 0 5 true 0 -1 -1 -1 -1 -1 -1 0 
1361746452317 2 wlan0 0 0 5 true 0 -1 -1 -1 -1 -1 -1 0 
1361746453354 2 wlan0 0 0 5 true 0 -1 -1 -1 -1 -1 -1 0 
1361746454309 2 wlan0 0 0 4 true 0 -1 -1 -1 -1 -1 -1 0 
1361746455311 2 wlan0 0 0 4 true 0 -1 -1 -1 -1 -1 -1 0 
1361746456304 2 wlan0 0 0 4 true 0 -1 -1 -1 -1 -1 -1 0 
1361746457323 2 wlan0 0 0 3 true 0 -1 -1 -1 -1 -1 -1 0 
1361746458327 2 wlan0 0 0 3 true 0 -1 -1 -1 -1 -1 -1 0 
1361746459313 2 wlan0 0 0 3 true 0 -1 -1 -1 -1 -1 -1 0 
1361746460308 2 wlan0 0 0 0 true 0 -1 -1 -1 -1 -1 -1 0 
1361746461325 2 wlan0 0 0 0 true 0 -1 -1 -1 -1 -1 -1 0 
1361746462330 2 wlan0 0 0 0 true 0 -1 -1 -1 -1 -1 -1 0 
1361746463320 2 wlan0 0 0 -1 true 0 -1 -1 -1 -1 -1 -1 0 
1361746464307 2 wlan0 0 0 -1 false 0 -1 -1 -1 -1 -1 -1 0 
1361746465382 2 wlan0 0 0 -1 false 0 -1 -1 -1 -1 -1 -1 0 
1361746466416 2 wlan0 0 0 3 false 0 -1 -1 -1 -1 -1 -1 0 
1361746467337 2 rmnet0 1530 37856 10 true 0 -1 -1 -1 -1 -1 -1 0 
1361746468332 2 rmnet0 832 65520 10 true 0 -1 -1 -1 -1 -1 -1 0 
1361746469332 2 rmnet0 250 0 10 true 0 -1 -1 -1 -1 -1 -1 0 
1361746470363 2 rmnet0 246 0 10 false 0 -1 -1 -1 -1 -1 -1 0 
1361746471316 2 rmnet0 260 0 10 false 0 -1 -1 -1 -1 -1 -1 0 
1361746472393 2 rmnet0 276 0 10 false 0 -1 -1 -1 -1 -1 -1 0 
1361746473351 2 wlan0 356 2912 3 true 0 -1 -1 -1 -1 -1 -1 0 
1361746474333 2 wlan0 0 0 4 true 0 -1 -1 -1 -1 -1 -1 0 
1361746475363 2 wlan0 2616 40768 4 true 0 -1 -1 -1 -1 -1 -1 0 
1361746476339 2 wlan0 2802 45136 4 true 0 -1 -1 -1 -1 -1 -1 0 
1361746477327 2 wlan0 2334 36400 4 true 0 -1 -1 -1 -1 -1 -1 0 
1361746478329 2 wlan0 1660 45136 4 true 0 -1 -1 -1 -1 -1 -1 0 
1361746479332 2 wlan0 940 14560 4 true 0 -1 -1 -1 -1 -1 -1 0 
1361746480335 2 wlan0 564 8736 5 true 0 -1 -1 -1 -1 -1 -1 0 
1361746481367 2 wlan0 5216 117936 5 true 0 -1 -1 -1 -1 -1 -1 0 
1361746482347 2 wlan0 1096 33488 5 true 0 -1 -1 -1 -1 -1 -1 0 
1361746483442 2 wlan0 0 0 4 true 0 -1 -1 -1 -1 -1 -1 0 
1361746484342 2 wlan0 0 0 4 true 0 -1 -1 -1 -1 -1 -1 0 
1361746485406 2 wlan0 4386 68432 4 true 0 -1 -1 -1 -1 -1 -1 0 
1361746486348 2 wlan0 3900 61152 4 true 0 -1 -1 -1 -1 -1 -1 0 
1361746487348 2 wlan0 658 10192 4 true 0 -1 -1 -1 -1 -1 -1 0 
1361746488330 2 wlan0 2068 32032 4 true 0 -1 -1 -1 -1 -1 -1 0 
1361746489342 2 wlan0 720 11648 4 true 0 -1 -1 -1 -1 -1 -1 0 
1361746490346 2 wlan0 0 0 4 true 0 -1 -1 -1 -1 -1 -1 0 
1361746491335 2 wlan0 1598 24752 4 true 0 -1 -1 -1 -1 -1 -1 0 
1361746492339 2 wlan0 658 10192 3 true 0 -1 -1 -1 -1 -1 -1 0 
1361746493346 2 wlan0 94 1456 3 true 0 -1 -1 -1 -1 -1 -1 0 
1361746494346 2 wlan0 282 4368 3 true 0 -1 -1 -1 -1 -1 -1 0 
1361746495330 2 wlan0 0 0 4 true 0 -1 -1 -1 -1 -1 -1 0 
1361746496344 2 wlan0 0 0 4 true 0 -1 -1 -1 -1 -1 -1 0 
1361746497341 2 wlan0 2740 58240 4 true 0 -1 -1 -1 -1 -1 -1 0 
1361746498356 2 wlan0 4042 62608 6 true 0 -1 -1 -1 -1 -1 -1 0 
1361746499349 2 wlan0 4590 71344 6 true 0 -1 -1 -1 -1 -1 -1 0 
1361746500355 2 wlan0 9226 196560 6 true 0 -1 -1 -1 -1 -1 -1 0 
1361746501404 2 wlan0 7202 275184 4 true 0 -1 -1 -1 -1 -1 -1 0 
1361746502386 2 wlan0 6642 161616 4 true 0 -1 -1 -1 -1 -1 -1 0 
1361746503357 2 wlan0 4354 82992 4 true 0 -1 -1 -1 -1 -1 -1 0 
1361746504363 2 wlan0 0 0 5 true 0 -1 -1 -1 -1 -1 -1 0 
1361746505355 2 wlan0 564 8736 5 true 0 -1 -1 -1 -1 -1 -1 0 
1361746506344 2 wlan0 188 2912 5 true 0 -1 -1 -1 -1 -1 -1 0 
1361746507354 2 wlan0 0 0 5 true 0 -1 -1 -1 -1 -1 -1 0 
1361746508353 2 wlan0 0 0 5 true 0 -1 -1 -1 -1 -1 -1 0 
1361746509352 2 wlan0 94 1456 5 true 0 -1 -1 -1 -1 -1 -1 0 
1361746510344 2 wlan0 0 0 3 true 0 -1 -1 -1 -1 -1 -1 0 
1361746511356 2 wlan0 0 0 3 true 0 -1 -1 -1 -1 -1 -1 0 
1361746512377 2 wlan0 0 0 3 true 0 -1 -1 -1 -1 -1 -1 0 
1361746513363 2 wlan0 0 0 4 true 0 -1 -1 -1 -1 -1 -1 0 
1361746514353 2 wlan0 0 0 4 true 0 -1 -1 -1 -1 -1 -1 0 
1361746515352 2 wlan0 0 0 4 true 0 -1 -1 -1 -1 -1 -1 0 
1361746516373 2 wlan0 0 0 3 true 0 -1 -1 -1 -1 -1 -1 0 
1361746517379 2 wlan0 0 0 3 true 0 -1 -1 -1 -1 -1 -1 0 
1361746518360 2 wlan0 0 0 3 true 0 -1 -1 -1 -1 -1 -1 0 
1361746519370 2 wlan0 0 0 0 true 0 -1 -1 -1 -1 -1 -1 0 
1361746520366 2 wlan0 0 0 0 true 0 -1 -1 -1 -1 -1 -1 0 
1361746521361 2 wlan0 0 0 0 true 0 -1 -1 -1 -1 -1 -1 0 
1361746522372 2 wlan0 0 0 -1 true 0 -1 -1 -1 -1 -1 -1 0 
1361746523370 2 wlan0 0 0 -1 false 0 -1 -1 -1 -1 -1 -1 0 
1361746524464 2 wlan0 0 0 2 false 0 -1 -1 -1 -1 -1 -1 0 
1361746525408 2 wlan0 62 0 2 false 0 -1 -1 -1 -1 -1 -1 0 
1361746526431 2 rmnet0 1532 39312 10 true 0 -1 -1 -1 -1 -1 -1 0 
1361746527394 2 rmnet0 1984 81536 10 true 0 -1 -1 -1 -1 -1 -1 0 
1361746528405 2 rmnet0 570 7280 10 true 0 -1 -1 -1 -1 -1 -1 0 
1361746529393 2 rmnet0 230 0 10 false 0 -1 -1 -1 -1 -1 -1 0 
1361746530375 2 rmnet0 244 0 10 false 0 -1 -1 -1 -1 -1 -1 0 
1361746531398 2 rmnet0 260 0 10 false 0 -1 -1 -1 -1 -1 -1 0 
1361746532397 2 rmnet0 276 0 10 false 0 -1 -1 -1 -1 -1 -1 0 
1361746533384 2 wlan0 244 0 4 true 0 -1 -1 -1 -1 -1 -1 0 
1361746534376 2 wlan0 0 0 4 true 0 -1 -1 -1 -1 -1 -1 0 
1361746535431 2 wlan0 0 0 4 true 0 -1 -1 -1 -1 -1 -1 0 
1361746536391 2 wlan0 0 0 4 true 0 -1 -1 -1 -1 -1 -1 0 
1361746537435 2 wlan0 0 0 4 true 0 -1 -1 -1 -1 -1 -1 0 
1361746538381 2 wlan0 0 0 4 true 0 -1 -1 -1 -1 -1 -1 0 
1361746539375 2 wlan0 0 0 3 true 0 -1 -1 -1 -1 -1 -1 0 
1361746540396 2 wlan0 0 0 3 true 0 -1 -1 -1 -1 -1 -1 0 
1361746541397 2 wlan0 0 0 3 true 0 -1 -1 -1 -1 -1 -1 0 
1361746542387 2 wlan0 0 0 3 true 0 -1 -1 -1 -1 -1 -1 0 
1361746543398 2 wlan0 0 0 3 true 0 -1 -1 -1 -1 -1 -1 0 
1361746544409 2 wlan0 0 0 3 true 0 -1 -1 -1 -1 -1 -1 0 
1361746545393 2 wlan0 0 0 4 true 0 -1 -1 -1 -1 -1 -1 0 
1361746546396 2 wlan0 0 0 4 true 0 -1 -1 -1 -1 -1 -1 0 
1361746547389 2 wlan0 0 0 4 true 0 -1 -1 -1 -1 -1 -1 0 
1361746548408 2 wlan0 0 0 3 true 0 -1 -1 -1 -1 -1 -1 0 
1361746549402 2 wlan0 0 0 3 true 0 -1 -1 -1 -1 -1 -1 0 
1361746550397 2 wlan0 0 0 3 true 0 -1 -1 -1 -1 -1 -1 0 
1361746551392 2 wlan0 0 0 3 true 0 -1 -1 -1 -1 -1 -1 0 
1361746552405 2 wlan0 0 0 3 true 0 -1 -1 -1 -1 -1 -1 0 
1361746553404 2 wlan0 0 0 3 true 0 -1 -1 -1 -1 -1 -1 0 
1361746554403 2 wlan0 0 0 2 true 0 -1 -1 -1 -1 -1 -1 0 
1361746555400 2 wlan0 0 0 2 true 0 -1 -1 -1 -1 -1 -1 0 
1361746556398 2 wlan0 0 0 2 true 0 -1 -1 -1 -1 -1 -1 0 
1361746557395 2 wlan0 0 0 2 true 0 -1 -1 -1 -1 -1 -1 0 
1361746558408 2 wlan0 0 0 2 true 0 -1 -1 -1 -1 -1 -1 0 
1361746559402 2 wlan0 0 0 2 true 0 -1 -1 -1 -1 -1 -1 0 
1361746560401 2 wlan0 0 0 2 true 0 -1 -1 -1 -1 -1 -1 0 
1361746561420 2 wlan0 0 0 2 true 0 -1 -1 -1 -1 -1 -1 0 
1361746562397 2 wlan0 0 0 2 true 0 -1 -1 -1 -1 -1 -1 0 
1361746563405 2 wlan0 0 0 2 true 0 -1 -1 -1 -1 -1 -1 0 
1361746564419 2 wlan0 0 0 2 true 0 -1 -1 -1 -1 -1 -1 0 
1361746565406 2 wlan0 0 0 2 true 0 -1 -1 -1 -1 -1 -1 0 
1361746566417 2 wlan0 0 0 4 true 0 -1 -1 -1 -1 -1 -1 0 
1361746567411 2 wlan0 0 0 4 true 0 -1 -1 -1 -1 -1 -1 0 
1361746568427 2 wlan0 0 0 4 true 0 -1 -1 -1 -1 -1 -1 0 
1361746569410 2 wlan0 0 0 4 true 0 -1 -1 -1 -1 -1 -1 0 
1361746570410 2 wlan0 0 0 4 true 0 -1 -1 -1 -1 -1 -1 0 
1361746571418 2 wlan0 0 0 4 true 0 -1 -1 -1 -1 -1 -1 0 
1361746572427 2 wlan0 0 0 4 true 0 -1 -1 -1 -1 -1 -1 0 
1361746573414 2 wlan0 0 0 4 true 0 -1 -1 -1 -1 -1 -1 0 
1361746574427 2 wlan0 0 0 4 true 0 -1 -1 -1 -1 -1 -1 0 
1361746575429 2 wlan0 0 0 3 true 0 -1 -1 -1 -1 -1 -1 0 
1361746576431 2 wlan0 0 0 3 true 0 -1 -1 -1 -1 -1 -1 0 
1361746577417 2 wlan0 0 0 3 true 0 -1 -1 -1 -1 -1 -1 0 
1361746578433 2 wlan0 0 0 2 true 0 -1 -1 -1 -1 -1 -1 0 
1361746579417 2 wlan0 0 0 2 true 0 -1 -1 -1 -1 -1 -1 0 
1361746580429 2 wlan0 0 0 2 true 0 -1 -1 -1 -1 -1 -1 0 
1361746581422 2 wlan0 0 0 2 true 0 -1 -1 -1 -1 -1 -1 0 
1361746582423 2 wlan0 0 0 2 true 0 -1 -1 -1 -1 -1 -1 0 
1361746583449 2 wlan0 0 0 2 true 0 -1 -1 -1 -1 -1 -1 0 
1361746584437 2 wlan0 0 0 3 true 0 -1 -1 -1 -1 -1 -1 0 
1361746585436 2 wlan0 0 0 3 true 0 -1 -1 -1 -1 -1 -1 0 
1361746586423 2 wlan0 0 0 3 true 0 -1 -1 -1 -1 -1 -1 0 
1361746587424 2 wlan0 0 0 3 true 0 -1 -1 -1 -1 -1 -1 0 
1361746588439 2 wlan0 0 0 3 true 0 -1 -1 -1 -1 -1 -1 0 
1361746589435 2 wlan0 0 0 3 true 0 -1 -1 -1 -1 -1 -1 0 
1361746590429 2 wlan0 0 0 4 true 0 -1 -1 -1 -1 -1 -1 0 
1361746591431 2 wlan0 0 0 4 true 0 -1 -1 -1 -1 -1 -1 0 
1361746592452 2 wlan0 0 0 4 true 0 -1 -1 -1 -1 -1 -1 0 
1361746593438 2 wlan0 0 0 3 true 0 -1 -1 -1 -1 -1 -1 0 
1361746594440 2 wlan0 0 0 3 true 0 -1 -1 -1 -1 -1 -1 0 
1361746595431 2 wlan0 0 0 3 true 0 -1 -1 -1 -1 -1 -1 0 
1361746596434 2 wlan0 0 0 3 true 0 -1 -1 -1 -1 -1 -1 0 
1361746597451 2 wlan0 0 0 3 true 0 -1 -1 -1 -1 -1 -1 0 
1361746598430 2 wlan0 0 0 3 true 0 -1 -1 -1 -1 -1 -1 0 
1361746599435 2 wlan0 0 0 2 true 0 -1 -1 -1 -1 -1 -1 0 
1361746600438 2 wlan0 0 0 2 true 0 -1 -1 -1 -1 -1 -1 0 
1361746601437 2 wlan0 0 0 2 true 0 -1 -1 -1 -1 -1 -1 0 
1361746602448 2 wlan0 0 0 2 true 0 -1 -1 -1 -1 -1 -1 0 
1361746603448 2 wlan0 0 0 2 true 0 -1 -1 -1 -1 -1 -1 0 
1361746604459 2 wlan0 0 0 2 true 0 -1 -1 -1 -1 -1 -1 0 
1361746605448 2 wlan0 0 0 8 true 0 -1 -1 -1 -1 -1 -1 0 
1361746606436 2 wlan0 0 0 8 true 0 -1 -1 -1 -1 -1 -1 0 
1361746607449 2 wlan0 0 0 8 true 0 -1 -1 -1 -1 -1 -1 0 
1361746608464 2 wlan0 0 0 6 true 0 -1 -1 -1 -1 -1 -1 0 
1361746609456 2 wlan0 0 0 6 true 0 -1 -1 -1 -1 -1 -1 0 
1361746610456 2 wlan0 0 0 6 true 0 -1 -1 -1 -1 -1 -1 0 
1361746611445 2 wlan0 0 0 7 true 0 -1 -1 -1 -1 -1 -1 0 
1361746612456 2 wlan0 0 0 7 true 0 -1 -1 -1 -1 -1 -1 0 
1361746613456 2 wlan0 0 0 7 true 0 -1 -1 -1 -1 -1 -1 0 
1361746614455 2 wlan0 0 0 6 true 0 -1 -1 -1 -1 -1 -1 0 
1361746615460 2 wlan0 0 0 6 true 0 -1 -1 -1 -1 -1 -1 0 
1361746616465 2 wlan0 0 0 6 true 0 -1 -1 -1 -1 -1 -1 0 
1361746617445 2 wlan0 0 0 9 true 0 -1 -1 -1 -1 -1 -1 0 
1361746618475 2 wlan0 0 0 9 true 0 -1 -1 -1 -1 -1 -1 0 
1361746619456 2 wlan0 0 0 9 true 0 -1 -1 -1 -1 -1 -1 0 
1361746620457 2 wlan0 0 0 6 true 0 -1 -1 -1 -1 -1 -1 0 
1361746621463 2 wlan0 0 0 6 true 0 -1 -1 -1 -1 -1 -1 0 
1361746622455 2 wlan0 0 0 6 true 0 -1 -1 -1 -1 -1 -1 0 
1361746623457 2 wlan0 0 0 7 true 0 -1 -1 -1 -1 -1 -1 0 
1361746624465 2 wlan0 0 0 7 true 0 -1 -1 -1 -1 -1 -1 0 
1361746625452 2 wlan0 0 0 7 true 0 -1 -1 -1 -1 -1 -1 0 
1361746626453 2 wlan0 0 0 5 true 0 -1 -1 -1 -1 -1 -1 0 
1361746627465 2 wlan0 0 0 5 true 0 -1 -1 -1 -1 -1 -1 0 
1361746628465 2 wlan0 0 0 5 true 0 -1 -1 -1 -1 -1 -1 0 
1361746629465 2 wlan0 0 0 6 true 0 -1 -1 -1 -1 -1 -1 0 
1361746630471 2 wlan0 0 0 6 true 0 -1 -1 -1 -1 -1 -1 0 
1361746631464 2 wlan0 0 0 6 true 0 -1 -1 -1 -1 -1 -1 0 
1361746632479 2 wlan0 0 0 6 true 0 -1 -1 -1 -1 -1 -1 0 
1361746633479 2 wlan0 0 0 6 true 0 -1 -1 -1 -1 -1 -1 0 
1361746634460 2 wlan0 0 0 6 true 0 -1 -1 -1 -1 -1 -1 0 
1361746635480 2 wlan0 0 0 6 true 0 -1 -1 -1 -1 -1 -1 0 
1361746636489 2 wlan0 0 0 6 true 0 -1 -1 -1 -1 -1 -1 0 
1361746637475 2 wlan0 0 0 6 true 0 -1 -1 -1 -1 -1 -1 0 
1361746638468 2 wlan0 0 0 4 true 0 -1 -1 -1 -1 -1 -1 0 
1361746639473 2 wlan0 0 0 4 true 0 -1 -1 -1 -1 -1 -1 0 
1361746640469 2 wlan0 0 0 4 true 0 -1 -1 -1 -1 -1 -1 0 
1361746641485 2 wlan0 0 0 5 true 0 -1 -1 -1 -1 -1 -1 0 
1361746642468 2 wlan0 0 0 5 true 0 -1 -1 -1 -1 -1 -1 0 
1361746643486 2 wlan0 0 0 5 true 0 -1 -1 -1 -1 -1 -1 0 
1361746644495 2 wlan0 0 0 5 true 0 -1 -1 -1 -1 -1 -1 0 
1361746645482 2 wlan0 0 0 5 true 0 -1 -1 -1 -1 -1 -1 0 
1361746646468 2 wlan0 0 0 5 true 0 -1 -1 -1 -1 -1 -1 0 
1361746647481 2 wlan0 0 0 5 true 0 -1 -1 -1 -1 -1 -1 0 
1361746648490 2 wlan0 0 0 5 true 0 -1 -1 -1 -1 -1 -1 0 
1361746649481 2 wlan0 0 0 5 true 0 -1 -1 -1 -1 -1 -1 0 
1361746650485 2 wlan0 0 0 6 true 0 -1 -1 -1 -1 -1 -1 0 
1361746651476 2 wlan0 0 0 6 true 0 -1 -1 -1 -1 -1 -1 0 
1361746652493 2 wlan0 0 0 6 true 0 -1 -1 -1 -1 -1 -1 0 
1361746653477 2 wlan0 0 0 5 true 0 -1 -1 -1 -1 -1 -1 0 
1361746654476 2 wlan0 0 0 5 true 0 -1 -1 -1 -1 -1 -1 0 
1361746655484 2 wlan0 0 0 5 true 0 -1 -1 -1 -1 -1 -1 0 
1361746656512 2 wlan0 0 0 6 true 0 -1 -1 -1 -1 -1 -1 0 
1361746657495 2 wlan0 0 0 6 true 0 -1 -1 -1 -1 -1 -1 0 
1361746658495 2 wlan0 0 0 6 true 0 -1 -1 -1 -1 -1 -1 0 
1361746659483 2 wlan0 0 0 -1 true 0 -1 -1 -1 -1 -1 -1 0 
1361746660488 2 wlan0 0 0 3 false 0 -1 -1 -1 -1 -1 -1 0 
1361746661529 2 wlan0 0 0 3 false 0 -1 -1 -1 -1 -1 -1 0 
1361746662504 2 wlan0 62 0 3 false 0 -1 -1 -1 -1 -1 -1 0 
1361746663636 2 rmnet0 1850 64064 10 true 0 -1 -1 -1 -1 -1 -1 0 
1361746664570 2 rmnet0 2688 151424 10 true 0 -1 -1 -1 -1 -1 -1 0 
1361746665546 2 wlan0 2848 116480 4 true 0 -1 -1 -1 -1 -1 -1 0 
1361746666530 2 wlan0 3556 120848 4 true 0 -1 -1 -1 -1 -1 -1 0 
1361746667569 2 wlan0 9164 173264 4 true 0 -1 -1 -1 -1 -1 -1 0 
1361746668506 2 wlan0 2804 45136 4 true 0 -1 -1 -1 -1 -1 -1 0 
1361746669532 2 wlan0 5842 154336 5 true 0 -1 -1 -1 -1 -1 -1 0 
1361746670550 2 wlan0 5576 122304 5 true 0 -1 -1 -1 -1 -1 -1 0 
1361746671536 2 wlan0 1316 21840 5 true 0 -1 -1 -1 -1 -1 -1 0 
1361746672535 2 wlan0 2538 39312 5 true 0 -1 -1 -1 -1 -1 -1 0 
1361746673543 2 wlan0 3838 82992 5 true 0 -1 -1 -1 -1 -1 -1 0 
1361746674604 2 wlan0 3696 163072 5 true 0 -1 -1 -1 -1 -1 -1 0 
1361746675560 2 wlan0 2850 302848 5 true 0 -1 -1 -1 -1 -1 -1 0 
1361746676516 2 wlan0 3146 270816 5 true 0 -1 -1 -1 -1 -1 -1 0 
1361746677538 2 wlan0 3554 264992 5 true 0 -1 -1 -1 -1 -1 -1 0 
1361746678594 2 wlan0 6812 212576 5 true 0 -1 -1 -1 -1 -1 -1 0 
1361746679522 2 wlan0 3570 148512 5 true 0 -1 -1 -1 -1 -1 -1 0 
1361746680573 2 wlan0 6358 283920 5 true 0 -1 -1 -1 -1 -1 -1 0 
1361746681542 2 wlan0 5730 214032 5 true 0 -1 -1 -1 -1 -1 -1 0 
1361746682560 2 wlan0 3272 254800 5 true 0 -1 -1 -1 -1 -1 -1 0 
1361746683541 2 wlan0 2896 291200 5 true 0 -1 -1 -1 -1 -1 -1 0 
1361746684537 2 wlan0 5260 243152 6 true 0 -1 -1 -1 -1 -1 -1 0 
1361746685565 2 wlan0 3368 165984 6 true 0 -1 -1 -1 -1 -1 -1 0 
1361746686579 2 wlan0 3194 339248 6 true 0 -1 -1 -1 -1 -1 -1 0 
1361746687540 2 wlan0 3894 273728 5 true 0 -1 -1 -1 -1 -1 -1 0 
1361746688540 2 wlan0 4760 227136 5 true 0 -1 -1 -1 -1 -1 -1 0 
1361746689605 2 wlan0 2786 263536 5 true 0 -1 -1 -1 -1 -1 -1 0 
1361746690550 2 wlan0 4712 180544 5 true 0 -1 -1 -1 -1 -1 -1 0 
1361746691564 2 wlan0 7346 225680 5 true 0 -1 -1 -1 -1 -1 -1 0 
1361746692584 2 wlan0 3896 206752 5 true 0 -1 -1 -1 -1 -1 -1 0 
1361746693533 2 wlan0 2208 173264 5 true 0 -1 -1 -1 -1 -1 -1 0 
1361746694547 2 wlan0 4950 88816 5 true 0 -1 -1 -1 -1 -1 -1 0 
1361746695576 2 wlan0 9946 266448 5 true 0 -1 -1 -1 -1 -1 -1 0 
1361746696530 2 wlan0 532 37856 2 true 0 -1 -1 -1 -1 -1 -1 0 
1361746697542 2 wlan0 0 0 2 true 0 -1 -1 -1 -1 -1 -1 0 
1361746698539 2 wlan0 0 0 2 true 0 -1 -1 -1 -1 -1 -1 0 
1361746699525 2 wlan0 0 0 3 true 0 -1 -1 -1 -1 -1 -1 0 
1361746700529 2 wlan0 0 0 3 true 0 -1 -1 -1 -1 -1 -1 0 
1361746701531 2 wlan0 0 0 3 true 0 -1 -1 -1 -1 -1 -1 0 
1361746702535 2 wlan0 0 0 3 true 0 -1 -1 -1 -1 -1 -1 0 
1361746703544 2 wlan0 78 1456 3 true 0 -1 -1 -1 -1 -1 -1 0 
1361746704530 2 wlan0 0 0 3 true 0 -1 -1 -1 -1 -1 -1 0 
1361746705530 2 wlan0 0 0 2 true 0 -1 -1 -1 -1 -1 -1 0 
1361746706523 2 wlan0 0 0 2 true 0 -1 -1 -1 -1 -1 -1 0 
1361746707539 2 wlan0 0 0 2 true 0 -1 -1 -1 -1 -1 -1 0 
1361746708531 2 wlan0 0 0 2 true 0 -1 -1 -1 -1 -1 -1 0 
1361746709530 2 wlan0 0 0 2 true 0 -1 -1 -1 -1 -1 -1 0 
1361746710542 2 wlan0 846 13104 2 true 0 -1 -1 -1 -1 -1 -1 0 
1361746711545 2 wlan0 94 1456 2 true 0 -1 -1 -1 -1 -1 -1 0 
1361746712542 2 wlan0 282 4368 2 true 0 -1 -1 -1 -1 -1 -1 0 
1361746713548 2 wlan0 0 0 2 true 0 -1 -1 -1 -1 -1 -1 0 
1361746714533 2 wlan0 94 1456 4 true 0 -1 -1 -1 -1 -1 -1 0 
1361746715540 2 wlan0 0 0 4 true 0 -1 -1 -1 -1 -1 -1 0 
1361746716544 2 wlan0 0 0 4 true 0 -1 -1 -1 -1 -1 -1 0 
1361746717543 2 wlan0 0 0 3 true 0 -1 -1 -1 -1 -1 -1 0 
1361746718538 2 wlan0 0 0 3 true 0 -1 -1 -1 -1 -1 -1 0 
1361746719586 2 wlan0 0 0 3 true 0 -1 -1 -1 -1 -1 -1 0 
1361746720552 2 wlan0 0 0 4 true 0 -1 -1 -1 -1 -1 -1 0 
1361746721553 2 wlan0 0 0 4 true 0 -1 -1 -1 -1 -1 -1 0 
1361746722550 2 wlan0 0 0 4 true 0 -1 -1 -1 -1 -1 -1 0 
1361746723566 2 wlan0 0 0 4 true 0 -1 -1 -1 -1 -1 -1 0 
1361746724550 2 wlan0 0 0 4 true 0 -1 -1 -1 -1 -1 -1 0 
1361746725592 2 wlan0 4668 94640 4 true 0 -1 -1 -1 -1 -1 -1 0 
1361746726534 2 wlan0 8004 196560 5 true 0 -1 -1 -1 -1 -1 -1 0 
1361746727574 2 wlan0 2522 39312 5 true 0 -1 -1 -1 -1 -1 -1 0 
1361746728546 2 wlan0 3572 55328 5 true 0 -1 -1 -1 -1 -1 -1 0 
1361746729579 2 wlan0 4134 171808 5 true 0 -1 -1 -1 -1 -1 -1 0 
1361746730556 2 wlan0 6156 225680 5 true 0 -1 -1 -1 -1 -1 -1 0 
1361746731553 2 wlan0 6324 200928 5 true 0 -1 -1 -1 -1 -1 -1 0 
1361746732586 2 wlan0 6328 133952 6 true 0 -1 -1 -1 -1 -1 -1 0 
1361746733564 2 wlan0 9038 155792 6 true 0 -1 -1 -1 -1 -1 -1 0 
1361746734554 2 wlan0 2866 45136 6 true 0 -1 -1 -1 -1 -1 -1 0 
1361746735580 2 wlan0 6658 116480 4 true 0 -1 -1 -1 -1 -1 -1 0 
1361746736557 2 wlan0 2162 33488 4 true 0 -1 -1 -1 -1 -1 -1 0 
1361746737553 2 wlan0 188 2912 4 true 0 -1 -1 -1 -1 -1 -1 0 
1361746738582 2 wlan0 3898 263536 5 true 0 -1 -1 -1 -1 -1 -1 0 
1361746739548 2 wlan0 4370 115024 5 true 0 -1 -1 -1 -1 -1 -1 0 
1361746740557 2 wlan0 0 0 5 true 0 -1 -1 -1 -1 -1 -1 0 
1361746741561 2 wlan0 0 0 3 true 0 -1 -1 -1 -1 -1 -1 0 
1361746742556 2 wlan0 1786 27664 3 true 0 -1 -1 -1 -1 -1 -1 0 
1361746743549 2 wlan0 188 2912 3 true 0 -1 -1 -1 -1 -1 -1 0 
1361746744564 2 wlan0 172 2912 3 true 0 -1 -1 -1 -1 -1 -1 0 
1361746745561 2 wlan0 0 0 3 true 0 -1 -1 -1 -1 -1 -1 0 
1361746746557 2 wlan0 0 0 3 true 0 -1 -1 -1 -1 -1 -1 0 
1361746747583 2 wlan0 0 0 2 true 0 -1 -1 -1 -1 -1 -1 0 
1361746748585 2 wlan0 0 0 2 true 0 -1 -1 -1 -1 -1 -1 0 
1361746749552 2 wlan0 188 2912 2 true 0 -1 -1 -1 -1 -1 -1 0 
1361746750559 2 wlan0 0 0 3 true 0 -1 -1 -1 -1 -1 -1 0 
1361746751560 2 wlan0 0 0 3 true 0 -1 -1 -1 -1 -1 -1 0 
1361746752599 2 wlan0 0 0 3 true 0 -1 -1 -1 -1 -1 -1 0 
1361746753568 2 wlan0 0 0 3 true 0 -1 -1 -1 -1 -1 -1 0 
1361746754583 2 wlan0 0 0 3 true 0 -1 -1 -1 -1 -1 -1 0 
1361746755570 2 wlan0 0 0 3 true 0 -1 -1 -1 -1 -1 -1 0 
1361746756587 2 wlan0 188 2912 2 true 0 -1 -1 -1 -1 -1 -1 0 
1361746757569 2 wlan0 564 8736 2 true 0 -1 -1 -1 -1 -1 -1 0 
1361746758556 2 wlan0 94 1456 2 true 0 -1 -1 -1 -1 -1 -1 0 
1361746759567 2 wlan0 0 0 4 true 0 -1 -1 -1 -1 -1 -1 0 
1361746760569 2 wlan0 0 0 4 true 0 -1 -1 -1 -1 -1 -1 0 
1361746761558 2 wlan0 0 0 4 true 0 -1 -1 -1 -1 -1 -1 0 
1361746762576 2 wlan0 0 0 4 true 0 -1 -1 -1 -1 -1 -1 0 
1361746763576 2 wlan0 0 0 4 true 0 -1 -1 -1 -1 -1 -1 0 
1361746764579 2 wlan0 0 0 4 true 0 -1 -1 -1 -1 -1 -1 0 
1361746765576 2 wlan0 0 0 3 true 0 -1 -1 -1 -1 -1 -1 0 
1361746766564 2 wlan0 0 0 3 true 0 -1 -1 -1 -1 -1 -1 0 
1361746767583 2 wlan0 0 0 3 true 0 -1 -1 -1 -1 -1 -1 0 
1361746768592 2 wlan0 0 0 3 true 0 -1 -1 -1 -1 -1 -1 0 
1361746769573 2 wlan0 0 0 3 true 0 -1 -1 -1 -1 -1 -1 0 
1361746770608 2 wlan0 2302 82992 3 true 0 -1 -1 -1 -1 -1 -1 0 
1361746771601 2 wlan0 2442 154336 6 true 0 -1 -1 -1 -1 -1 -1 0 
1361746772621 2 wlan0 7472 142688 6 true 0 -1 -1 -1 -1 -1 -1 0 
1361746773612 2 wlan0 4886 241696 6 true 0 -1 -1 -1 -1 -1 -1 0 
1361746774607 2 wlan0 6750 244608 7 true 0 -1 -1 -1 -1 -1 -1 0 
1361746775621 2 wlan0 8004 164528 7 true 0 -1 -1 -1 -1 -1 -1 0 
1361746776623 2 wlan0 9020 231504 7 true 0 -1 -1 -1 -1 -1 -1 0 
1361746777591 2 wlan0 5936 225680 6 true 0 -1 -1 -1 -1 -1 -1 0 
1361746778607 2 wlan0 6704 113568 6 true 0 -1 -1 -1 -1 -1 -1 0 
1361746779585 2 wlan0 8068 165984 6 true 0 -1 -1 -1 -1 -1 -1 0 
1361746780584 2 wlan0 5200 82992 6 true 0 -1 -1 -1 -1 -1 -1 0 
1361746781591 2 wlan0 1206 18928 6 true 0 -1 -1 -1 -1 -1 -1 0 
1361746782588 2 wlan0 2898 48048 6 true 0 -1 -1 -1 -1 -1 -1 0 
1361746783581 2 wlan0 1128 17472 5 true 0 -1 -1 -1 -1 -1 -1 0 
1361746784609 2 wlan0 7220 193648 5 true 0 -1 -1 -1 -1 -1 -1 0 
1361746785597 2 wlan0 7204 231504 5 true 0 -1 -1 -1 -1 -1 -1 0 
1361746786571 2 wlan0 1660 26208 6 true 0 -1 -1 -1 -1 -1 -1 0 
1361746787608 2 wlan0 454 7280 6 true 0 -1 -1 -1 -1 -1 -1 0 
1361746788587 2 wlan0 1222 18928 6 true 0 -1 -1 -1 -1 -1 -1 0 
1361746789590 2 wlan0 3634 56784 4 true 0 -1 -1 -1 -1 -1 -1 0 
1361746790629 2 wlan0 5138 119392 4 true 0 -1 -1 -1 -1 -1 -1 0 
1361746791609 2 wlan0 2976 45136 4 true 0 -1 -1 -1 -1 -1 -1 0 
1361746792587 2 wlan0 1300 20384 6 true 0 -1 -1 -1 -1 -1 -1 0 
1361746793598 2 wlan0 0 0 6 true 0 -1 -1 -1 -1 -1 -1 0 
1361746794597 2 wlan0 0 0 6 true 0 -1 -1 -1 -1 -1 -1 0 
1361746795599 2 wlan0 0 0 4 true 0 -1 -1 -1 -1 -1 -1 0 
1361746796596 2 wlan0 0 0 4 true 0 -1 -1 -1 -1 -1 -1 0 
1361746797609 2 wlan0 0 0 4 true 0 -1 -1 -1 -1 -1 -1 0 
1361746798600 2 wlan0 0 0 3 true 0 -1 -1 -1 -1 -1 -1 0 
1361746799618 2 wlan0 0 0 3 true 0 -1 -1 -1 -1 -1 -1 0 
1361746800601 2 wlan0 250 4368 3 true 0 -1 -1 -1 -1 -1 -1 0 
1361746801647 2 wlan0 0 0 3 true 0 -1 -1 -1 -1 -1 -1 0 
1361746802593 2 wlan0 0 0 3 true 0 -1 -1 -1 -1 -1 -1 0 
1361746803606 2 wlan0 0 0 3 true 0 -1 -1 -1 -1 -1 -1 0 
1361746804595 2 wlan0 0 0 3 true 0 -1 -1 -1 -1 -1 -1 0 
1361746805615 2 wlan0 0 0 3 true 0 -1 -1 -1 -1 -1 -1 0 
1361746806614 2 wlan0 0 0 3 true 0 -1 -1 -1 -1 -1 -1 0 
1361746807603 2 wlan0 2314 39312 4 true 0 -1 -1 -1 -1 -1 -1 0 
1361746808620 2 wlan0 2474 53872 4 true 0 -1 -1 -1 -1 -1 -1 0 
1361746809608 2 wlan0 78 1456 4 true 0 -1 -1 -1 -1 -1 -1 0 
1361746810601 2 wlan0 78 1456 6 true 0 -1 -1 -1 -1 -1 -1 0 
1361746811601 2 wlan0 0 0 6 true 0 -1 -1 -1 -1 -1 -1 0 
1361746812602 2 wlan0 0 0 6 true 0 -1 -1 -1 -1 -1 -1 0 
1361746813635 2 wlan0 0 0 4 true 0 -1 -1 -1 -1 -1 -1 0 
1361746814608 2 wlan0 0 0 4 true 0 -1 -1 -1 -1 -1 -1 0 
1361746815603 2 wlan0 64 1456 4 true 0 -1 -1 -1 -1 -1 -1 0 
1361746816602 2 wlan0 0 0 3 true 0 -1 -1 -1 -1 -1 -1 0 
1361746817631 2 wlan0 0 0 3 true 0 -1 -1 -1 -1 -1 -1 0 
1361746818607 2 wlan0 0 0 3 true 0 -1 -1 -1 -1 -1 -1 0 
1361746819609 2 wlan0 0 0 4 true 0 -1 -1 -1 -1 -1 -1 0 
1361746820621 2 wlan0 0 0 4 true 0 -1 -1 -1 -1 -1 -1 0 
1361746821606 2 wlan0 0 0 4 true 0 -1 -1 -1 -1 -1 -1 0 
1361746822611 2 wlan0 0 0 5 true 0 -1 -1 -1 -1 -1 -1 0 
1361746823616 2 wlan0 0 0 5 true 0 -1 -1 -1 -1 -1 -1 0 
1361746824629 2 wlan0 0 0 5 true 0 -1 -1 -1 -1 -1 -1 0 
1361746825617 2 wlan0 0 0 4 true 0 -1 -1 -1 -1 -1 -1 0 
1361746826636 2 wlan0 0 0 4 true 0 -1 -1 -1 -1 -1 -1 0 
1361746827620 2 wlan0 0 0 4 true 0 -1 -1 -1 -1 -1 -1 0 
1361746828623 2 wlan0 0 0 4 true 0 -1 -1 -1 -1 -1 -1 0 
1361746829663 2 wlan0 0 0 4 true 0 -1 -1 -1 -1 -1 -1 0 
1361746830613 2 wlan0 0 0 4 true 0 -1 -1 -1 -1 -1 -1 0 
1361746831626 2 wlan0 0 0 4 true 0 -1 -1 -1 -1 -1 -1 0 
1361746832653 2 wlan0 0 0 4 true 0 -1 -1 -1 -1 -1 -1 0 
1361746833620 2 wlan0 0 0 4 true 0 -1 -1 -1 -1 -1 -1 0 
1361746834624 2 wlan0 0 0 4 true 0 -1 -1 -1 -1 -1 -1 0 
1361746835637 2 wlan0 0 0 4 true 0 -1 -1 -1 -1 -1 -1 0 
1361746836626 2 wlan0 0 0 4 true 0 -1 -1 -1 -1 -1 -1 0 
1361746837627 2 wlan0 0 0 3 true 0 -1 -1 -1 -1 -1 -1 0 
1361746838629 2 wlan0 0 0 3 true 0 -1 -1 -1 -1 -1 -1 0 
1361746839649 2 wlan0 0 0 3 true 0 -1 -1 -1 -1 -1 -1 0 
1361746840626 2 wlan0 0 0 3 true 0 -1 -1 -1 -1 -1 -1 0 
1361746841671 2 wlan0 0 0 3 true 0 -1 -1 -1 -1 -1 -1 0 
1361746842633 2 wlan0 0 0 3 true 0 -1 -1 -1 -1 -1 -1 0 
1361746843640 2 wlan0 0 0 3 true 0 -1 -1 -1 -1 -1 -1 0 
1361746844629 2 wlan0 0 0 3 true 0 -1 -1 -1 -1 -1 -1 0 
1361746845633 2 wlan0 0 0 3 true 0 -1 -1 -1 -1 -1 -1 0 
1361746846645 2 wlan0 0 0 3 true 0 -1 -1 -1 -1 -1 -1 0 
1361746847639 2 wlan0 0 0 3 true 0 -1 -1 -1 -1 -1 -1 0 
1361746848635 2 wlan0 0 0 3 true 0 -1 -1 -1 -1 -1 -1 0 
1361746849684 2 wlan0 0 0 5 true 0 -1 -1 -1 -1 -1 -1 0 
1361746850646 2 wlan0 0 0 5 true 0 -1 -1 -1 -1 -1 -1 0 
1361746851638 2 wlan0 0 0 5 true 0 -1 -1 -1 -1 -1 -1 0 
1361746852656 2 wlan0 0 0 3 true 0 -1 -1 -1 -1 -1 -1 0 
1361746853657 2 wlan0 0 0 3 true 0 -1 -1 -1 -1 -1 -1 0 
1361746854647 2 wlan0 0 0 3 true 0 -1 -1 -1 -1 -1 -1 0 
1361746855637 2 wlan0 0 0 3 true 0 -1 -1 -1 -1 -1 -1 0 
1361746856650 2 wlan0 0 0 3 true 0 -1 -1 -1 -1 -1 -1 0 
1361746857690 2 wlan0 0 0 3 true 0 -1 -1 -1 -1 -1 -1 0 
1361746858670 2 wlan0 0 0 2 true 0 -1 -1 -1 -1 -1 -1 0 
1361746859641 2 wlan0 0 0 2 true 0 -1 -1 -1 -1 -1 -1 0 
1361746860646 2 wlan0 0 0 2 true 0 -1 -1 -1 -1 -1 -1 0 
1361746861670 2 wlan0 0 0 4 true 0 -1 -1 -1 -1 -1 -1 0 
1361746862685 2 wlan0 0 0 4 true 0 -1 -1 -1 -1 -1 -1 0 
1361746863640 2 wlan0 0 0 4 true 0 -1 -1 -1 -1 -1 -1 0 
1361746864644 2 wlan0 0 0 3 true 0 -1 -1 -1 -1 -1 -1 0 
1361746865661 2 wlan0 0 0 3 true 0 -1 -1 -1 -1 -1 -1 0 
1361746866654 2 wlan0 0 0 3 true 0 -1 -1 -1 -1 -1 -1 0 
1361746867642 2 wlan0 0 0 4 true 0 -1 -1 -1 -1 -1 -1 0 
1361746868645 2 wlan0 0 0 4 true 0 -1 -1 -1 -1 -1 -1 0 
1361746869679 2 wlan0 0 0 4 true 0 -1 -1 -1 -1 -1 -1 0 
1361746870652 2 wlan0 0 0 2 true 0 -1 -1 -1 -1 -1 -1 0 
1361746871650 2 wlan0 0 0 2 true 0 -1 -1 -1 -1 -1 -1 0 
1361746872658 2 wlan0 0 0 2 true 0 -1 -1 -1 -1 -1 -1 0 
1361746873659 2 wlan0 0 0 3 true 0 -1 -1 -1 -1 -1 -1 0 
1361746874655 2 wlan0 0 0 3 true 0 -1 -1 -1 -1 -1 -1 0 
1361746875638 2 wlan0 0 0 3 true 0 -1 -1 -1 -1 -1 -1 0 
1361746876653 2 wlan0 0 0 2 true 0 -1 -1 -1 -1 -1 -1 0 
1361746877636 2 wlan0 0 0 2 true 0 -1 -1 -1 -1 -1 -1 0 
1361746878644 2 wlan0 0 0 2 true 0 -1 -1 -1 -1 -1 -1 0 
1361746879653 2 wlan0 0 0 6 true 0 -1 -1 -1 -1 -1 -1 0 
1361746880671 2 wlan0 0 0 6 true 0 -1 -1 -1 -1 -1 -1 0 
1361746881643 2 wlan0 0 0 6 true 0 -1 -1 -1 -1 -1 -1 0 
1361746882653 2 wlan0 0 0 1 true 0 -1 -1 -1 -1 -1 -1 0 
1361746883663 2 wlan0 0 0 1 true 0 -1 -1 -1 -1 -1 -1 0 
1361746884633 2 wlan0 0 0 1 true 0 -1 -1 -1 -1 -1 -1 0 
1361746885697 2 wlan0 0 0 3 true 0 -1 -1 -1 -1 -1 -1 0 
1361746886641 2 wlan0 0 0 3 true 0 -1 -1 -1 -1 -1 -1 0 
1361746887677 2 wlan0 0 0 3 true 0 -1 -1 -1 -1 -1 -1 0 
1361746888647 2 wlan0 0 0 1 true 0 -1 -1 -1 -1 -1 -1 0 
1361746889647 2 wlan0 0 0 1 true 0 -1 -1 -1 -1 -1 -1 0 
1361746890642 2 wlan0 0 0 1 true 0 -1 -1 -1 -1 -1 -1 0 
1361746891641 2 wlan0 0 0 2 true 0 -1 -1 -1 -1 -1 -1 0 
1361746892679 2 wlan0 0 0 2 true 0 -1 -1 -1 -1 -1 -1 0 
1361746893668 2 wlan0 0 0 2 true 0 -1 -1 -1 -1 -1 -1 0 
1361746894655 2 wlan0 0 0 1 true 0 -1 -1 -1 -1 -1 -1 0 
1361746895643 2 wlan0 0 0 1 true 0 -1 -1 -1 -1 -1 -1 0 
1361746896643 2 wlan0 0 0 1 true 0 -1 -1 -1 -1 -1 -1 0 
1361746897671 2 wlan0 0 0 2 true 0 -1 -1 -1 -1 -1 -1 0 
1361746898654 2 wlan0 0 0 2 true 0 -1 -1 -1 -1 -1 -1 0 
1361746899655 2 wlan0 0 0 2 true 0 -1 -1 -1 -1 -1 -1 0 
1361746900655 2 wlan0 0 0 1 true 0 -1 -1 -1 -1 -1 -1 0 
1361746901661 2 wlan0 0 0 1 true 0 -1 -1 -1 -1 -1 -1 0 
1361746902645 2 wlan0 0 0 1 true 0 -1 -1 -1 -1 -1 -1 0 
1361746903661 2 wlan0 0 0 1 true 0 -1 -1 -1 -1 -1 -1 0 
1361746904650 2 wlan0 0 0 1 true 0 -1 -1 -1 -1 -1 -1 0 
1361746905674 2 wlan0 0 0 1 true 0 -1 -1 -1 -1 -1 -1 0 
1361746906656 2 wlan0 0 0 1 true 0 -1 -1 -1 -1 -1 -1 0 
1361746907663 2 wlan0 0 0 1 true 0 -1 -1 -1 -1 -1 -1 0 
1361746908661 2 wlan0 0 0 1 true 0 -1 -1 -1 -1 -1 -1 0 
1361746909665 2 wlan0 0 0 1 true 0 -1 -1 -1 -1 -1 -1 0 
1361746910669 2 wlan0 0 0 1 true 0 -1 -1 -1 -1 -1 -1 0 
1361746911666 2 wlan0 0 0 1 true 0 -1 -1 -1 -1 -1 -1 0 
1361746912665 2 wlan0 0 0 2 true 0 -1 -1 -1 -1 -1 -1 0 
1361746913691 2 wlan0 0 0 2 true 0 -1 -1 -1 -1 -1 -1 0 
1361746914661 2 wlan0 0 0 2 true 0 -1 -1 -1 -1 -1 -1 0 
1361746915664 2 wlan0 0 0 1 true 0 -1 -1 -1 -1 -1 -1 0 
1361746916669 2 wlan0 0 0 1 true 0 -1 -1 -1 -1 -1 -1 0 
1361746917692 2 wlan0 0 0 1 true 0 -1 -1 -1 -1 -1 -1 0 
1361746918665 2 wlan0 0 0 1 true 0 -1 -1 -1 -1 -1 -1 0 
1361746919678 2 wlan0 0 0 1 true 0 -1 -1 -1 -1 -1 -1 0 
1361746920677 2 wlan0 0 0 1 true 0 -1 -1 -1 -1 -1 -1 0 
1361746921692 2 wlan0 0 0 8 true 0 -1 -1 -1 -1 -1 -1 0 
1361746922671 2 wlan0 0 0 8 true 0 -1 -1 -1 -1 -1 -1 0 
1361746923678 2 wlan0 0 0 8 true 0 -1 -1 -1 -1 -1 -1 0 
1361746924675 2 wlan0 0 0 7 true 0 -1 -1 -1 -1 -1 -1 0 
1361746925738 2 wlan0 0 0 7 true 0 -1 -1 -1 -1 -1 -1 0 
1361746926673 2 wlan0 470 7280 7 true 0 -1 -1 -1 -1 -1 -1 0 
1361746927686 2 wlan0 5420 91728 6 true 0 -1 -1 -1 -1 -1 -1 0 
1361746928708 2 wlan0 5858 104832 6 true 0 -1 -1 -1 -1 -1 -1 0 
1361746929724 2 wlan0 8270 182000 6 true 0 -1 -1 -1 -1 -1 -1 0 
1361746930713 2 wlan0 2584 170352 5 true 0 -1 -1 -1 -1 -1 -1 0 
1361746931713 2 wlan0 7112 142688 5 true 0 -1 -1 -1 -1 -1 -1 0 
1361746932696 2 wlan0 1704 43680 5 true 0 -1 -1 -1 -1 -1 -1 0 
1361746933677 2 wlan0 94 1456 4 true 0 -1 -1 -1 -1 -1 -1 0 
1361746934681 2 wlan0 0 0 4 true 0 -1 -1 -1 -1 -1 -1 0 
1361746935680 2 wlan0 1582 24752 4 true 0 -1 -1 -1 -1 -1 -1 0 
1361746936693 2 wlan0 94 1456 3 true 0 -1 -1 -1 -1 -1 -1 0 
1361746937688 2 wlan0 0 0 3 true 0 -1 -1 -1 -1 -1 -1 0 
1361746938684 2 wlan0 0 0 3 true 0 -1 -1 -1 -1 -1 -1 0 
1361746939701 2 wlan0 0 0 3 true 0 -1 -1 -1 -1 -1 -1 0 
1361746940697 2 wlan0 0 0 3 true 0 -1 -1 -1 -1 -1 -1 0 
1361746941689 2 wlan0 0 0 3 true 0 -1 -1 -1 -1 -1 -1 0 
1361746942693 2 wlan0 0 0 3 true 0 -1 -1 -1 -1 -1 -1 0 
1361746943699 2 wlan0 94 1456 3 true 0 -1 -1 -1 -1 -1 -1 0 
1361746944708 2 wlan0 0 0 3 true 0 -1 -1 -1 -1 -1 -1 0 
1361746945698 2 wlan0 0 0 2 true 0 -1 -1 -1 -1 -1 -1 0 
1361746946701 2 wlan0 0 0 2 true 0 -1 -1 -1 -1 -1 -1 0 
1361746947687 2 wlan0 0 0 2 true 0 -1 -1 -1 -1 -1 -1 0 
1361746948708 2 wlan0 0 0 2 true 0 -1 -1 -1 -1 -1 -1 0 
1361746949703 2 wlan0 0 0 2 true 0 -1 -1 -1 -1 -1 -1 0 
1361746950705 2 wlan0 0 0 2 true 0 -1 -1 -1 -1 -1 -1 0 
1361746951698 2 wlan0 0 0 2 true 0 -1 -1 -1 -1 -1 -1 0 
1361746952734 2 wlan0 0 0 2 true 0 -1 -1 -1 -1 -1 -1 0 
1361746953710 2 wlan0 0 0 2 true 0 -1 -1 -1 -1 -1 -1 0 
1361746954697 2 wlan0 0 0 2 true 0 -1 -1 -1 -1 -1 -1 0 
1361746955730 2 wlan0 0 0 2 true 0 -1 -1 -1 -1 -1 -1 0 
1361746956701 2 wlan0 0 0 2 true 0 -1 -1 -1 -1 -1 -1 0 
1361746957715 2 wlan0 0 0 3 true 0 -1 -1 -1 -1 -1 -1 0 
1361746958709 2 wlan0 0 0 3 true 0 -1 -1 -1 -1 -1 -1 0 
1361746959704 2 wlan0 0 0 0 true 0 -1 -1 -1 -1 -1 -1 0 
1361746960718 2 wlan0 0 0 0 true 0 -1 -1 -1 -1 -1 -1 0 
1361746961707 2 wlan0 0 0 0 true 0 -1 -1 -1 -1 -1 -1 0 
1361746962712 2 wlan0 0 0 0 true 0 -1 -1 -1 -1 -1 -1 0 
1361746963715 2 wlan0 0 0 -1 true 0 -1 -1 -1 -1 -1 -1 0 
1361746964715 2 wlan0 0 0 -1 false 0 -1 -1 -1 -1 -1 -1 0 
1361746965726 2 wlan0 0 0 -1 false 0 -1 -1 -1 -1 -1 -1 0 
1361746966792 2 wlan0 62 0 -1 false 0 -1 -1 -1 -1 -1 -1 0 
1361746967714 2 rmnet0 1596 52416 10 true 0 -1 -1 -1 -1 -1 -1 0 
1361746968752 2 rmnet0 2496 152880 10 true 0 -1 -1 -1 -1 -1 -1 0 
1361746969758 2 rmnet0 4096 126672 10 true 0 -1 -1 -1 -1 -1 -1 0 
1361746970732 2 rmnet0 2560 141232 10 true 0 -1 -1 -1 -1 -1 -1 0 
1361746971698 2 rmnet0 2880 117936 10 true 0 -1 -1 -1 -1 -1 -1 0 
1361746972756 2 rmnet0 1536 34944 10 true 0 -1 -1 -1 -1 -1 -1 0 
1361746973766 2 rmnet0 1984 81536 10 true 0 -1 -1 -1 -1 -1 -1 0 
1361746974720 2 rmnet0 3200 99008 10 true 0 -1 -1 -1 -1 -1 -1 0 
1361746975758 2 rmnet0 2432 55328 10 true 0 -1 -1 -1 -1 -1 -1 0 
1361746976761 2 wlan0 138 0 4 true 0 -1 -1 -1 -1 -1 -1 0 
1361746977708 2 wlan0 0 0 4 true 0 -1 -1 -1 -1 -1 -1 0 
1361746978730 2 wlan0 0 0 5 true 0 -1 -1 -1 -1 -1 -1 0 
1361746979741 2 wlan0 0 0 5 true 0 -1 -1 -1 -1 -1 -1 0 
1361746980764 2 wlan0 0 0 5 true 0 -1 -1 -1 -1 -1 -1 0 
1361746981728 2 wlan0 0 0 5 true 0 -1 -1 -1 -1 -1 -1 0 
1361746982734 2 wlan0 0 0 4 true 0 -1 -1 -1 -1 -1 -1 0 
1361746983747 2 wlan0 0 0 4 true 0 -1 -1 -1 -1 -1 -1 0 
1361746984743 2 wlan0 0 0 3 true 0 -1 -1 -1 -1 -1 -1 0 
1361746985729 2 wlan0 0 0 3 true 0 -1 -1 -1 -1 -1 -1 0 
1361746986748 2 wlan0 0 0 3 true 0 -1 -1 -1 -1 -1 -1 0 
1361746987721 2 wlan0 0 0 5 true 0 -1 -1 -1 -1 -1 -1 0 
1361746988741 2 wlan0 0 0 5 true 0 -1 -1 -1 -1 -1 -1 0 
1361746989745 2 wlan0 0 0 5 true 0 -1 -1 -1 -1 -1 -1 0 
1361746990748 2 wlan0 0 0 5 true 0 -1 -1 -1 -1 -1 -1 0 
1361746991731 2 wlan0 0 0 5 true 0 -1 -1 -1 -1 -1 -1 0 
1361746992752 2 wlan0 0 0 5 true 0 -1 -1 -1 -1 -1 -1 0 
1361746993726 2 wlan0 0 0 5 true 0 -1 -1 -1 -1 -1 -1 0 
1361746994730 2 wlan0 0 0 4 true 0 -1 -1 -1 -1 -1 -1 0 
1361746995749 2 wlan0 0 0 4 true 0 -1 -1 -1 -1 -1 -1 0 
1361746996740 2 wlan0 0 0 4 true 0 -1 -1 -1 -1 -1 -1 0 
1361746997731 2 wlan0 0 0 4 true 0 -1 -1 -1 -1 -1 -1 0 
1361746998733 2 wlan0 0 0 4 true 0 -1 -1 -1 -1 -1 -1 0 
1361746999745 2 wlan0 0 0 4 true 0 -1 -1 -1 -1 -1 -1 0 
1361747000735 2 wlan0 0 0 4 true 0 -1 -1 -1 -1 -1 -1 0 
1361747001745 2 wlan0 0 0 4 true 0 -1 -1 -1 -1 -1 -1 0 
1361747002736 2 wlan0 0 0 4 true 0 -1 -1 -1 -1 -1 -1 0 
1361747003772 2 wlan0 0 0 3 true 0 -1 -1 -1 -1 -1 -1 0 
1361747004740 2 wlan0 0 0 3 true 0 -1 -1 -1 -1 -1 -1 0 
1361747005748 2 wlan0 0 0 3 true 0 -1 -1 -1 -1 -1 -1 0 
1361747006741 2 wlan0 0 0 3 true 0 -1 -1 -1 -1 -1 -1 0 
1361747007768 2 wlan0 0 0 3 true 0 -1 -1 -1 -1 -1 -1 0 
1361747008755 2 wlan0 0 0 3 true 0 -1 -1 -1 -1 -1 -1 0 
1361747009745 2 wlan0 0 0 2 true 0 -1 -1 -1 -1 -1 -1 0 
1361747010748 2 wlan0 0 0 2 true 0 -1 -1 -1 -1 -1 -1 0 
1361747011751 2 wlan0 0 0 2 true 0 -1 -1 -1 -1 -1 -1 0 
1361747012754 2 wlan0 0 0 4 true 0 -1 -1 -1 -1 -1 -1 0 
1361747013747 2 wlan0 0 0 4 true 0 -1 -1 -1 -1 -1 -1 0 
1361747014749 2 wlan0 0 0 4 true 0 -1 -1 -1 -1 -1 -1 0 
1361747015762 2 wlan0 0 0 5 true 0 -1 -1 -1 -1 -1 -1 0 
1361747016746 2 wlan0 0 0 5 true 0 -1 -1 -1 -1 -1 -1 0 
1361747017751 2 wlan0 0 0 5 true 0 -1 -1 -1 -1 -1 -1 0 
1361747018757 2 wlan0 0 0 5 true 0 -1 -1 -1 -1 -1 -1 0 
1361747019766 2 wlan0 0 0 5 true 0 -1 -1 -1 -1 -1 -1 0 
1361747020791 2 wlan0 0 0 5 true 0 -1 -1 -1 -1 -1 -1 0 
1361747021761 2 wlan0 0 0 5 true 0 -1 -1 -1 -1 -1 -1 0 
1361747022759 2 wlan0 0 0 5 true 0 -1 -1 -1 -1 -1 -1 0 
1361747023762 2 wlan0 0 0 5 true 0 -1 -1 -1 -1 -1 -1 0 
1361747024769 2 wlan0 0 0 5 true 0 -1 -1 -1 -1 -1 -1 0 
1361747025783 2 wlan0 0 0 5 true 0 -1 -1 -1 -1 -1 -1 0 
1361747026764 2 wlan0 0 0 5 true 0 -1 -1 -1 -1 -1 -1 0 
1361747027786 2 wlan0 0 0 5 true 0 -1 -1 -1 -1 -1 -1 0 
1361747028776 2 wlan0 0 0 5 true 0 -1 -1 -1 -1 -1 -1 0 
1361747029766 2 wlan0 0 0 5 true 0 -1 -1 -1 -1 -1 -1 0 
1361747030768 2 wlan0 0 0 5 true 0 -1 -1 -1 -1 -1 -1 0 
