1362198837772 2805 rmnet0 1637 30866 10 true 0 -1 -1 -1 -1 -1 -1 0 
1362198838819 2805 rmnet0 2176 49504 10 true 0 -1 -1 -1 -1 -1 -1 0 
1362198839768 2805 rmnet0 4352 123760 10 true 0 -1 -1 -1 -1 -1 -1 0 
1362198840803 2805 rmnet0 2112 48048 10 true 0 -1 -1 -1 -1 -1 -1 0 
1362198841821 2805 rmnet0 3200 96096 10 true 0 -1 -1 -1 -1 -1 -1 0 
1362198842747 2805 rmnet0 3584 83024 10 true 0 -1 -1 -1 -1 -1 -1 0 
1362198843789 2805 rmnet0 832 23296 10 true 0 -1 -1 -1 -1 -1 -1 0 
1362198844804 2805 rmnet0 0 0 10 true 0 -1 -1 -1 -1 -1 -1 0 
1362198845800 2805 rmnet0 4032 131040 10 true 0 -1 -1 -1 -1 -1 -1 0 
1362198846845 2805 rmnet0 5056 142688 10 true 0 -1 -1 -1 -1 -1 -1 0 
1362198847780 2805 rmnet0 6784 264992 10 true 0 -1 -1 -1 -1 -1 -1 0 
1362198848756 2805 rmnet0 5056 139776 10 true 0 -1 -1 -1 -1 -1 -1 0 
1362198849799 2805 rmnet0 1088 24752 10 true 0 -1 -1 -1 -1 -1 -1 0 
1362198850772 2805 rmnet0 2560 68432 10 true 0 -1 -1 -1 -1 -1 -1 0 
1362198851764 2805 rmnet0 896 20384 10 true 0 -1 -1 -1 -1 -1 -1 0 
1362198852813 2805 rmnet0 512 11648 10 true 0 -1 -1 -1 -1 -1 -1 0 
1362198853840 2805 rmnet0 1344 30576 10 true 0 -1 -1 -1 -1 -1 -1 0 
1362198854810 2805 rmnet0 2112 48048 10 true 0 -1 -1 -1 -1 -1 -1 0 
1362198855789 2805 rmnet0 1536 34944 10 true 0 -1 -1 -1 -1 -1 -1 0 
1362198856816 2805 rmnet0 1344 30576 10 true 0 -1 -1 -1 -1 -1 -1 0 
1362198857802 2805 rmnet0 896 20384 10 true 0 -1 -1 -1 -1 -1 -1 0 
1362198858765 2805 rmnet0 2560 58240 10 true 0 -1 -1 -1 -1 -1 -1 0 
1362198859812 2805 rmnet0 2816 90272 10 true 0 -1 -1 -1 -1 -1 -1 0 
1362198860820 2805 rmnet0 4096 155792 10 true 0 -1 -1 -1 -1 -1 -1 0 
1362198861783 2805 rmnet0 3008 90272 10 true 0 -1 -1 -1 -1 -1 -1 0 
1362198862806 2805 rmnet0 1472 33488 10 true 0 -1 -1 -1 -1 -1 -1 0 
1362198863763 2805 rmnet0 896 20384 10 true 0 -1 -1 -1 -1 -1 -1 0 
1362198864806 2805 rmnet0 384 8736 10 true 0 -1 -1 -1 -1 -1 -1 0 
1362198865756 2805 rmnet0 0 0 10 true 0 -1 -1 -1 -1 -1 -1 0 
1362198866784 2805 rmnet0 128 2912 10 true 0 -1 -1 -1 -1 -1 -1 0 
1362198867801 2805 rmnet0 0 0 10 true 0 -1 -1 -1 -1 -1 -1 0 
1362198868849 2805 rmnet0 1408 53872 10 true 0 -1 -1 -1 -1 -1 -1 0 
1362198869782 2805 rmnet0 4288 138320 10 true 0 -1 -1 -1 -1 -1 -1 0 
1362198870798 2805 rmnet0 3328 203840 10 true 0 -1 -1 -1 -1 -1 -1 0 
1362198871855 2805 rmnet0 5952 233176 10 true 0 -1 -1 -1 -1 -1 -1 0 
1362198872817 2805 rmnet0 3968 171808 10 true 0 -1 -1 -1 -1 -1 -1 0 
1362198873791 2805 rmnet0 2112 124564 10 true 0 -1 -1 -1 -1 -1 -1 0 
1362198874783 2805 rmnet0 128 20 10 true 0 -1 -1 -1 -1 -1 -1 0 
1362198875827 2805 rmnet0 64 20 10 true 0 -1 -1 -1 -1 -1 -1 0 
1362198876813 2805 rmnet0 64 20 10 true 0 -1 -1 -1 -1 -1 -1 0 
1362198877787 2805 rmnet0 0 0 10 true 0 -1 -1 -1 -1 -1 -1 0 
1362198878779 2805 rmnet0 0 0 10 true 0 -1 -1 -1 -1 -1 -1 0 
1362198879792 2805 rmnet0 64 20 10 true 0 -1 -1 -1 -1 -1 -1 0 
1362198880813 2805 rmnet0 0 0 10 true 0 -1 -1 -1 -1 -1 -1 0 
1362198881796 2805 rmnet0 0 0 10 true 0 -1 -1 -1 -1 -1 -1 0 
1362198882821 2805 rmnet0 0 0 10 true 0 -1 -1 -1 -1 -1 -1 0 
1362198883849 2805 rmnet0 0 0 10 true 0 -1 -1 -1 -1 -1 -1 0 
1362198884827 2805 rmnet0 64 20 10 true 0 -1 -1 -1 -1 -1 -1 0 
1362198885802 2805 rmnet0 0 0 10 true 0 -1 -1 -1 -1 -1 -1 0 
1362198886800 2805 rmnet0 0 0 10 true 0 -1 -1 -1 -1 -1 -1 0 
1362198887843 2805 rmnet0 0 0 10 true 0 -1 -1 -1 -1 -1 -1 0 
1362198888819 2805 rmnet0 0 0 10 true 0 -1 -1 -1 -1 -1 -1 0 
1362198889799 2805 rmnet0 0 0 10 true 0 -1 -1 -1 -1 -1 -1 0 
1362198890803 2805 rmnet0 0 0 10 true 0 -1 -1 -1 -1 -1 -1 0 
1362198891833 2805 rmnet0 0 0 10 true 0 -1 -1 -1 -1 -1 -1 0 
1362198892824 2805 rmnet0 0 0 10 true 0 -1 -1 -1 -1 -1 -1 0 
1362198893850 2805 rmnet0 0 0 10 true 0 -1 -1 -1 -1 -1 -1 0 
1362198894871 2805 wlan0 2114 47284 4 true 0 -1 -1 -1 -1 -1 -1 0 
1362198895832 2805 wlan0 3932 71344 4 true 0 -1 -1 -1 -1 -1 -1 0 
1362198896910 2805 wlan0 10010 219856 4 true 0 -1 -1 -1 -1 -1 -1 0 
1362198897818 2805 wlan0 5260 298480 4 true 0 -1 -1 -1 -1 -1 -1 0 
1362198898848 2805 wlan0 5118 225680 4 true 0 -1 -1 -1 -1 -1 -1 0 
1362198899856 2805 wlan0 4742 189280 4 true 0 -1 -1 -1 -1 -1 -1 0 
1362198900852 2805 wlan0 578 32032 3 true 0 -1 -1 -1 -1 -1 -1 0 
1362198901839 2805 wlan0 0 0 0 true 0 -1 -1 -1 -1 -1 -1 0 
1362198902849 2805 wlan0 0 0 0 false 0 -1 -1 -1 -1 -1 -1 0 
1362198903814 2805 wlan0 0 0 0 false 0 -1 -1 -1 -1 -1 -1 0 
1362198904835 2805 wlan0 0 0 -1 false 0 -1 -1 -1 -1 -1 -1 0 
1362198905854 2805 rmnet0 632 8736 10 true 0 -1 -1 -1 -1 -1 -1 0 
1362198906896 2805 rmnet0 2176 72800 10 true 0 -1 -1 -1 -1 -1 -1 0 
1362198907882 2805 rmnet0 4288 167440 10 true 0 -1 -1 -1 -1 -1 -1 0 
1362198908802 2805 rmnet0 2048 84448 10 true 0 -1 -1 -1 -1 -1 -1 0 
1362198909908 2805 rmnet0 320 27958 10 true 0 -1 -1 -1 -1 -1 -1 0 
1362198910845 2805 rmnet0 128 40 10 true 0 -1 -1 -1 -1 -1 -1 0 
1362198911884 2805 rmnet0 64 20 10 true 0 -1 -1 -1 -1 -1 -1 0 
1362198912836 2805 rmnet0 0 0 10 true 0 -1 -1 -1 -1 -1 -1 0 
1362198913890 2805 rmnet0 0 0 10 true 0 -1 -1 -1 -1 -1 -1 0 
1362198914872 2805 rmnet0 0 0 10 true 0 -1 -1 -1 -1 -1 -1 0 
1362198915856 2805 rmnet0 64 20 10 true 0 -1 -1 -1 -1 -1 -1 0 
1362198916833 2805 rmnet0 0 0 10 true 0 -1 -1 -1 -1 -1 -1 0 
1362198917859 2805 rmnet0 0 0 10 true 0 -1 -1 -1 -1 -1 -1 0 
1362198918843 2805 rmnet0 0 0 10 true 0 -1 -1 -1 -1 -1 -1 0 
1362198919839 2805 rmnet0 0 0 10 true 0 -1 -1 -1 -1 -1 -1 0 
1362198920816 2805 rmnet0 64 20 10 true 0 -1 -1 -1 -1 -1 -1 0 
1362198921885 2805 rmnet0 0 0 10 true 0 -1 -1 -1 -1 -1 -1 0 
1362198922891 2805 rmnet0 0 0 10 true 0 -1 -1 -1 -1 -1 -1 0 
1362198923892 2805 rmnet0 0 0 10 true 0 -1 -1 -1 -1 -1 -1 0 
1362198924869 2805 rmnet0 0 0 10 true 0 -1 -1 -1 -1 -1 -1 0 
1362198925912 2805 rmnet0 0 0 10 true 0 -1 -1 -1 -1 -1 -1 0 
1362198926900 2805 rmnet0 0 0 10 true 0 -1 -1 -1 -1 -1 -1 0 
1362198927834 2805 rmnet0 0 0 10 true 0 -1 -1 -1 -1 -1 -1 0 
1362198928848 2805 rmnet0 0 0 10 true 0 -1 -1 -1 -1 -1 -1 0 
1362198929896 2805 rmnet0 0 0 10 true 0 -1 -1 -1 -1 -1 -1 0 
1362198930852 2805 rmnet0 64 20 10 true 0 -1 -1 -1 -1 -1 -1 0 
1362198931886 2805 rmnet0 1280 22748 10 true 0 -1 -1 -1 -1 -1 -1 0 
1362198932868 2805 rmnet0 2176 135408 10 true 0 -1 -1 -1 -1 -1 -1 0 
1362198933913 2805 rmnet0 2240 196560 10 true 0 -1 -1 -1 -1 -1 -1 0 
1362198934853 2805 rmnet0 3008 247044 10 true 0 -1 -1 -1 -1 -1 -1 0 
1362198935882 2805 rmnet0 4416 274868 10 true 0 -1 -1 -1 -1 -1 -1 0 
1362198936865 2805 rmnet0 2688 263536 10 true 0 -1 -1 -1 -1 -1 -1 0 
1362198937902 2805 rmnet0 576 37224 10 true 0 -1 -1 -1 -1 -1 -1 0 
1362198938888 2805 rmnet0 64 20 10 true 0 -1 -1 -1 -1 -1 -1 0 
1362198939887 2805 rmnet0 64 20 10 true 0 -1 -1 -1 -1 -1 -1 0 
1362198940864 2805 rmnet0 0 0 10 true 0 -1 -1 -1 -1 -1 -1 0 
1362198941887 2805 rmnet0 0 0 10 true 0 -1 -1 -1 -1 -1 -1 0 
1362198942853 2805 rmnet0 0 0 10 true 0 -1 -1 -1 -1 -1 -1 0 
1362198943882 2805 rmnet0 64 20 10 true 0 -1 -1 -1 -1 -1 -1 0 
1362198944853 2805 rmnet0 0 0 10 true 0 -1 -1 -1 -1 -1 -1 0 
1362198945884 2805 rmnet0 0 0 10 true 0 -1 -1 -1 -1 -1 -1 0 
1362198946917 2805 rmnet0 0 0 10 true 0 -1 -1 -1 -1 -1 -1 0 
1362198947906 2805 rmnet0 0 0 10 true 0 -1 -1 -1 -1 -1 -1 0 
1362198948890 2805 rmnet0 64 20 10 true 0 -1 -1 -1 -1 -1 -1 0 
1362198949917 2805 rmnet0 0 0 10 true 0 -1 -1 -1 -1 -1 -1 0 
1362198950914 2805 rmnet0 0 0 10 true 0 -1 -1 -1 -1 -1 -1 0 
1362198951863 2805 rmnet0 0 0 10 true 0 -1 -1 -1 -1 -1 -1 0 
1362198952904 2805 rmnet0 0 0 10 true 0 -1 -1 -1 -1 -1 -1 0 
1362198953884 2805 rmnet0 0 0 10 true 0 -1 -1 -1 -1 -1 -1 0 
1362198954882 2805 rmnet0 0 0 10 true 0 -1 -1 -1 -1 -1 -1 0 
1362198955876 2805 rmnet0 0 0 10 true 0 -1 -1 -1 -1 -1 -1 0 
1362198956895 2805 rmnet0 0 0 10 true 0 -1 -1 -1 -1 -1 -1 0 
1362198957876 2805 rmnet0 0 0 10 true 0 -1 -1 -1 -1 -1 -1 0 
1362198958918 2805 rmnet0 64 20 10 true 0 -1 -1 -1 -1 -1 -1 0 
1362198959888 2805 rmnet0 768 11536 10 true 0 -1 -1 -1 -1 -1 -1 0 
1362198960947 2805 rmnet0 2048 64064 10 true 0 -1 -1 -1 -1 -1 -1 0 
1362198961895 2805 rmnet0 2880 65520 10 true 0 -1 -1 -1 -1 -1 -1 0 
1362198962884 2805 rmnet0 256 5824 10 true 0 -1 -1 -1 -1 -1 -1 0 
1362198963920 2805 rmnet0 0 0 10 true 0 -1 -1 -1 -1 -1 -1 0 
1362198964893 2805 rmnet0 0 0 10 true 0 -1 -1 -1 -1 -1 -1 0 
1362198965932 2805 rmnet0 0 0 10 true 0 -1 -1 -1 -1 -1 -1 0 
1362198966925 2805 wlan0 702 8736 3 true 0 -1 -1 -1 -1 -1 -1 0 
1362198967948 2805 wlan0 0 0 3 true 0 -1 -1 -1 -1 -1 -1 0 
1362198969009 2805 wlan0 0 0 2 true 0 -1 -1 -1 -1 -1 -1 0 
1362198969884 2805 wlan0 0 0 2 true 0 -1 -1 -1 -1 -1 -1 0 
1362198970896 2805 wlan0 0 0 2 false 0 -1 -1 -1 -1 -1 -1 0 
1362198971866 2805 wlan0 0 0 2 false 0 -1 -1 -1 -1 -1 -1 0 
1362198972917 2805 wlan0 0 0 2 false 0 -1 -1 -1 -1 -1 -1 0 
1362198973893 2805 rmnet0 312 1456 10 true 0 -1 -1 -1 -1 -1 -1 0 
1362198974977 2805 rmnet0 1856 42224 10 true 0 -1 -1 -1 -1 -1 -1 0 
1362198975916 2805 rmnet0 640 14560 10 true 0 -1 -1 -1 -1 -1 -1 0 
1362198976937 2805 rmnet0 0 0 10 true 0 -1 -1 -1 -1 -1 -1 0 
1362198977907 2805 rmnet0 1088 26208 10 true 0 -1 -1 -1 -1 -1 -1 0 
1362198978916 2805 rmnet0 1728 49504 10 true 0 -1 -1 -1 -1 -1 -1 0 
1362198979913 2805 rmnet0 1472 33488 10 true 0 -1 -1 -1 -1 -1 -1 0 
1362198980979 2805 rmnet0 2944 78624 10 true 0 -1 -1 -1 -1 -1 -1 0 
1362198981929 2805 rmnet0 3904 138320 10 true 0 -1 -1 -1 -1 -1 -1 0 
1362198982918 2805 rmnet0 3200 164528 10 true 0 -1 -1 -1 -1 -1 -1 0 
1362198983939 2805 rmnet0 3584 99008 10 true 0 -1 -1 -1 -1 -1 -1 0 
1362198984995 2805 rmnet0 3264 78624 10 true 0 -1 -1 -1 -1 -1 -1 0 
1362198985905 2805 rmnet0 3712 104832 10 true 0 -1 -1 -1 -1 -1 -1 0 
1362198986952 2805 rmnet0 1536 34944 10 true 0 -1 -1 -1 -1 -1 -1 0 
1362198987919 2805 rmnet0 1984 58240 10 true 0 -1 -1 -1 -1 -1 -1 0 
1362198988942 2805 rmnet0 2304 120848 10 true 0 -1 -1 -1 -1 -1 -1 0 
1362198989931 2805 rmnet0 4032 199472 10 true 0 -1 -1 -1 -1 -1 -1 0 
1362198990940 2805 rmnet0 4608 117936 10 true 0 -1 -1 -1 -1 -1 -1 0 
1362198991937 2805 rmnet0 2688 147056 10 true 0 -1 -1 -1 -1 -1 -1 0 
1362198992962 2805 rmnet0 5504 246064 10 true 0 -1 -1 -1 -1 -1 -1 0 
1362198993923 2805 rmnet0 3072 74256 10 true 0 -1 -1 -1 -1 -1 -1 0 
1362198994933 2805 rmnet0 1024 23296 10 true 0 -1 -1 -1 -1 -1 -1 0 
1362198995925 2805 rmnet0 640 14560 10 true 0 -1 -1 -1 -1 -1 -1 0 
1362198996956 2805 rmnet0 1024 23296 10 true 0 -1 -1 -1 -1 -1 -1 0 
1362198997898 2805 rmnet0 1088 24752 10 true 0 -1 -1 -1 -1 -1 -1 0 
1362198998963 2805 rmnet0 2304 55328 10 true 0 -1 -1 -1 -1 -1 -1 0 
1362198999933 2805 rmnet0 1472 34944 10 true 0 -1 -1 -1 -1 -1 -1 0 
1362199000911 2805 rmnet0 0 0 10 true 0 -1 -1 -1 -1 -1 -1 0 
1362199001944 2805 rmnet0 832 18928 10 true 0 -1 -1 -1 -1 -1 -1 0 
1362199002950 2805 rmnet0 0 0 10 true 0 -1 -1 -1 -1 -1 -1 0 
1362199003945 2805 rmnet0 320 7280 10 true 0 -1 -1 -1 -1 -1 -1 0 
1362199004986 2805 rmnet0 1024 23296 10 true 0 -1 -1 -1 -1 -1 -1 0 
1362199005950 2805 rmnet0 1280 29120 10 true 0 -1 -1 -1 -1 -1 -1 0 
1362199007016 2805 rmnet0 2176 49504 10 true 0 -1 -1 -1 -1 -1 -1 0 
1362199008021 2805 wlan0 7814 136864 6 true 0 -1 -1 -1 -1 -1 -1 0 
1362199009001 2805 wlan0 8490 176176 6 true 0 -1 -1 -1 -1 -1 -1 0 
1362199010034 2805 wlan0 2504 88816 6 true 0 -1 -1 -1 -1 -1 -1 0 
1362199010960 2805 wlan0 6842 179088 5 true 0 -1 -1 -1 -1 -1 -1 0 
1362199011949 2805 wlan0 2364 45136 5 true 0 -1 -1 -1 -1 -1 -1 0 
1362199012982 2805 wlan0 642 10192 5 true 0 -1 -1 -1 -1 -1 -1 0 
1362199013979 2805 wlan0 94 1456 2 true 0 -1 -1 -1 -1 -1 -1 0 
1362199014974 2805 wlan0 0 0 2 true 0 -1 -1 -1 -1 -1 -1 0 
1362199016058 2805 wlan0 0 0 2 true 0 -1 -1 -1 -1 -1 -1 0 
1362199016983 2805 wlan0 78 1456 2 true 0 -1 -1 -1 -1 -1 -1 0 
1362199017983 2805 wlan0 0 0 2 true 0 -1 -1 -1 -1 -1 -1 0 
1362199018981 2805 wlan0 0 0 2 false 0 -1 -1 -1 -1 -1 -1 0 
1362199019977 2805 wlan0 0 0 1 false 0 -1 -1 -1 -1 -1 -1 0 
1362199020979 2805 wlan0 0 0 1 false 0 -1 -1 -1 -1 -1 -1 0 
1362199021986 2805 rmnet0 632 8736 10 true 0 -1 -1 -1 -1 -1 -1 0 
1362199022955 2805 rmnet0 1984 53872 10 true 0 -1 -1 -1 -1 -1 -1 0 
1362199023983 2805 rmnet0 2432 55328 10 true 0 -1 -1 -1 -1 -1 -1 0 
1362199024997 2805 rmnet0 1408 32032 10 true 0 -1 -1 -1 -1 -1 -1 0 
1362199025938 2805 rmnet0 2752 131040 10 true 0 -1 -1 -1 -1 -1 -1 0 
1362199026994 2805 rmnet0 1344 32032 10 true 0 -1 -1 -1 -1 -1 -1 0 
1362199027956 2805 rmnet0 3328 144144 10 true 0 -1 -1 -1 -1 -1 -1 0 
1362199028993 2805 rmnet0 3264 74256 10 true 0 -1 -1 -1 -1 -1 -1 0 
1362199029951 2805 rmnet0 2944 84448 10 true 0 -1 -1 -1 -1 -1 -1 0 
1362199030987 2805 rmnet0 832 18928 10 true 0 -1 -1 -1 -1 -1 -1 0 
1362199031955 2805 rmnet0 2624 62608 10 true 0 -1 -1 -1 -1 -1 -1 0 
1362199032994 2805 rmnet0 2112 50960 10 true 0 -1 -1 -1 -1 -1 -1 0 
1362199033974 2805 rmnet0 2112 49504 10 true 0 -1 -1 -1 -1 -1 -1 0 
1362199035004 2805 rmnet0 3008 93184 10 true 0 -1 -1 -1 -1 -1 -1 0 
1362199035968 2805 rmnet0 2112 55328 10 true 0 -1 -1 -1 -1 -1 -1 0 
1362199036988 2805 rmnet0 128 2912 10 true 0 -1 -1 -1 -1 -1 -1 0 
1362199037990 2805 rmnet0 576 20384 10 true 0 -1 -1 -1 -1 -1 -1 0 
1362199038980 2805 rmnet0 576 16016 10 true 0 -1 -1 -1 -1 -1 -1 0 
1362199040025 2805 rmnet0 704 17472 10 true 0 -1 -1 -1 -1 -1 -1 0 
1362199041044 2805 wlan0 2538 10192 5 true 0 -1 -1 -1 -1 -1 -1 0 
1362199041955 2805 wlan0 940 14560 5 true 0 -1 -1 -1 -1 -1 -1 0 
1362199042971 2805 wlan0 846 13104 5 true 0 -1 -1 -1 -1 -1 -1 0 
1362199044005 2805 wlan0 188 2912 2 true 0 -1 -1 -1 -1 -1 -1 0 
1362199044967 2805 wlan0 1316 20384 2 true 0 -1 -1 -1 -1 -1 -1 0 
1362199045987 2805 wlan0 94 1456 2 true 0 -1 -1 -1 -1 -1 -1 0 
1362199046978 2805 wlan0 3288 52416 5 true 0 -1 -1 -1 -1 -1 -1 0 
1362199047964 2805 wlan0 3666 56784 5 true 0 -1 -1 -1 -1 -1 -1 0 
1362199049049 2805 wlan0 8584 176176 5 true 0 -1 -1 -1 -1 -1 -1 0 
1362199049980 2805 wlan0 5262 90272 4 true 0 -1 -1 -1 -1 -1 -1 0 
1362199051053 2805 wlan0 11090 241696 4 true 0 -1 -1 -1 -1 -1 -1 0 
1362199051989 2805 wlan0 516 24752 4 true 0 -1 -1 -1 -1 -1 -1 0 
1362199053033 2805 wlan0 0 0 5 true 0 -1 -1 -1 -1 -1 -1 0 
1362199053981 2805 wlan0 0 0 5 true 0 -1 -1 -1 -1 -1 -1 0 
1362199055058 2805 wlan0 642 10192 5 true 0 -1 -1 -1 -1 -1 -1 0 
1362199055996 2805 wlan0 798 13104 4 true 0 -1 -1 -1 -1 -1 -1 0 
1362199057023 2805 wlan0 658 10192 4 true 0 -1 -1 -1 -1 -1 -1 0 
1362199057989 2805 wlan0 0 0 4 true 0 -1 -1 -1 -1 -1 -1 0 
1362199059033 2805 wlan0 0 0 3 true 0 -1 -1 -1 -1 -1 -1 0 
1362199060045 2805 wlan0 642 10192 3 true 0 -1 -1 -1 -1 -1 -1 0 
1362199061086 2805 wlan0 0 0 3 true 0 -1 -1 -1 -1 -1 -1 0 
1362199062018 2805 wlan0 0 0 3 true 0 -1 -1 -1 -1 -1 -1 0 
1362199063020 2805 wlan0 752 11648 3 true 0 -1 -1 -1 -1 -1 -1 0 
1362199064004 2805 wlan0 0 0 3 false 0 -1 -1 -1 -1 -1 -1 0 
1362199064973 2805 wlan0 0 0 3 false 0 -1 -1 -1 -1 -1 -1 0 
1362199065951 2805 wlan0 0 0 3 false 0 -1 -1 -1 -1 -1 -1 0 
1362199067010 2805 rmnet0 1658 48048 10 true 0 -1 -1 -1 -1 -1 -1 0 
1362199068035 2805 rmnet0 3456 126672 10 true 0 -1 -1 -1 -1 -1 -1 0 
1362199069085 2805 rmnet0 3392 161616 10 true 0 -1 -1 -1 -1 -1 -1 0 
1362199070016 2805 rmnet0 3456 94640 10 true 0 -1 -1 -1 -1 -1 -1 0 
1362199071030 2805 rmnet0 2176 49504 10 true 0 -1 -1 -1 -1 -1 -1 0 
1362199072066 2805 rmnet0 2048 56784 10 true 0 -1 -1 -1 -1 -1 -1 0 
1362199073056 2805 rmnet0 2368 55328 10 true 0 -1 -1 -1 -1 -1 -1 0 
1362199074021 2805 rmnet0 1600 36400 10 true 0 -1 -1 -1 -1 -1 -1 0 
1362199075034 2805 rmnet0 960 21840 10 true 0 -1 -1 -1 -1 -1 -1 0 
1362199076026 2805 rmnet0 1536 34944 10 true 0 -1 -1 -1 -1 -1 -1 0 
1362199077023 2805 rmnet0 2816 64064 10 true 0 -1 -1 -1 -1 -1 -1 0 
1362199078029 2805 rmnet0 1984 45136 10 true 0 -1 -1 -1 -1 -1 -1 0 
1362199079074 2805 rmnet0 2688 62608 10 true 0 -1 -1 -1 -1 -1 -1 0 
1362199080040 2805 rmnet0 246 0 10 true 0 -1 -1 -1 -1 -1 -1 0 
1362199081063 2805 wlan0 12246 212576 6 true 0 -1 -1 -1 -1 -1 -1 0 
1362199082056 2805 wlan0 172 11648 6 true 0 -1 -1 -1 -1 -1 -1 0 
1362199083044 2805 wlan0 0 0 3 true 0 -1 -1 -1 -1 -1 -1 0 
1362199084092 2805 wlan0 0 0 3 true 0 -1 -1 -1 -1 -1 -1 0 
1362199085035 2805 wlan0 7204 199472 3 true 0 -1 -1 -1 -1 -1 -1 0 
1362199086081 2805 wlan0 2334 37856 2 true 0 -1 -1 -1 -1 -1 -1 0 
1362199087022 2805 wlan0 1786 27664 2 true 0 -1 -1 -1 -1 -1 -1 0 
1362199088033 2805 wlan0 0 0 2 false 0 -1 -1 -1 -1 -1 -1 0 
1362199089039 2805 wlan0 0 0 1 false 0 -1 -1 -1 -1 -1 -1 0 
1362199090056 2805 wlan0 0 0 1 false 0 -1 -1 -1 -1 -1 -1 0 
1362199091023 2805 rmnet0 632 8736 10 true 0 -1 -1 -1 -1 -1 -1 0 
1362199092069 2805 rmnet0 4928 136864 10 true 0 -1 -1 -1 -1 -1 -1 0 
1362199093031 2805 rmnet0 2688 80080 10 true 0 -1 -1 -1 -1 -1 -1 0 
1362199094034 2805 rmnet0 704 16016 10 true 0 -1 -1 -1 -1 -1 -1 0 
1362199095018 2805 rmnet0 448 18928 10 true 0 -1 -1 -1 -1 -1 -1 0 
1362199096146 2805 rmnet0 192 824 10 true 0 -1 -1 -1 -1 -1 -1 0 
1362199097058 2805 rmnet0 64 20 10 true 0 -1 -1 -1 -1 -1 -1 0 
1362199098126 2805 wlan0 6168 159396 5 true 0 -1 -1 -1 -1 -1 -1 0 
1362199099084 2805 wlan0 6954 151424 5 true 0 -1 -1 -1 -1 -1 -1 0 
1362199100081 2805 wlan0 5436 84448 5 true 0 -1 -1 -1 -1 -1 -1 0 
1362199101069 2805 wlan0 6344 115024 7 true 0 -1 -1 -1 -1 -1 -1 0 
1362199102071 2805 wlan0 6578 117936 7 true 0 -1 -1 -1 -1 -1 -1 0 
1362199103040 2805 wlan0 1598 24752 7 true 0 -1 -1 -1 -1 -1 -1 0 
1362199104082 2805 wlan0 188 2912 4 true 0 -1 -1 -1 -1 -1 -1 0 
1362199105091 2805 wlan0 0 0 4 true 0 -1 -1 -1 -1 -1 -1 0 
1362199106047 2805 wlan0 188 2912 4 true 0 -1 -1 -1 -1 -1 -1 0 
1362199107085 2805 wlan0 0 0 6 true 0 -1 -1 -1 -1 -1 -1 0 
1362199108035 2805 wlan0 0 0 6 true 0 -1 -1 -1 -1 -1 -1 0 
1362199109067 2805 wlan0 924 14560 6 true 0 -1 -1 -1 -1 -1 -1 0 
1362199110033 2805 wlan0 266 4368 4 true 0 -1 -1 -1 -1 -1 -1 0 
1362199111136 2805 wlan0 0 0 4 true 0 -1 -1 -1 -1 -1 -1 0 
1362199112054 2805 wlan0 0 0 4 true 0 -1 -1 -1 -1 -1 -1 0 
1362199113076 2805 wlan0 188 2912 3 true 0 -1 -1 -1 -1 -1 -1 0 
1362199114059 2805 wlan0 0 0 3 true 0 -1 -1 -1 -1 -1 -1 0 
1362199115067 2805 wlan0 0 0 3 true 0 -1 -1 -1 -1 -1 -1 0 
1362199116072 2805 wlan0 0 0 3 true 0 -1 -1 -1 -1 -1 -1 0 
1362199117066 2805 wlan0 0 0 3 true 0 -1 -1 -1 -1 -1 -1 0 
1362199118070 2805 wlan0 0 0 3 false 0 -1 -1 -1 -1 -1 -1 0 
1362199119033 2805 wlan0 0 0 3 false 0 -1 -1 -1 -1 -1 -1 0 
1362199120057 2805 wlan0 0 0 3 false 0 -1 -1 -1 -1 -1 -1 0 
1362199121092 2805 rmnet0 124 0 10 true 0 -1 -1 -1 -1 -1 -1 0 
1362199122099 2805 rmnet0 0 0 10 true 0 -1 -1 -1 -1 -1 -1 0 
1362199123042 2805 rmnet0 0 0 10 true 0 -1 -1 -1 -1 -1 -1 0 
1362199124064 2805 rmnet0 0 0 10 true 0 -1 -1 -1 -1 -1 -1 0 
1362199125090 2805 rmnet0 0 0 10 true 0 -1 -1 -1 -1 -1 -1 0 
1362199126080 2805 rmnet0 0 0 10 true 0 -1 -1 -1 -1 -1 -1 0 
1362199127056 2805 rmnet0 0 0 10 true 0 -1 -1 -1 -1 -1 -1 0 
1362199128064 2805 rmnet0 0 0 10 true 0 -1 -1 -1 -1 -1 -1 0 
1362199129079 2805 rmnet0 0 0 10 true 0 -1 -1 -1 -1 -1 -1 0 
1362199130087 2805 rmnet0 0 0 10 true 0 -1 -1 -1 -1 -1 -1 0 
1362199131106 2805 rmnet0 0 0 10 true 0 -1 -1 -1 -1 -1 -1 0 
1362199132102 2805 rmnet0 0 0 10 true 0 -1 -1 -1 -1 -1 -1 0 
1362199133099 2805 rmnet0 0 0 10 true 0 -1 -1 -1 -1 -1 -1 0 
1362199134066 2805 rmnet0 0 0 10 true 0 -1 -1 -1 -1 -1 -1 0 
1362199135062 2805 rmnet0 1984 45136 10 true 0 -1 -1 -1 -1 -1 -1 0 
1362199136111 2805 rmnet0 3456 96096 10 true 0 -1 -1 -1 -1 -1 -1 0 
1362199137097 2805 rmnet0 3456 106288 10 true 0 -1 -1 -1 -1 -1 -1 0 
1362199138128 2805 rmnet0 1920 131040 10 true 0 -1 -1 -1 -1 -1 -1 0 
1362199139065 2805 rmnet0 4736 228592 10 true 0 -1 -1 -1 -1 -1 -1 0 
1362199140084 2805 rmnet0 2048 179088 10 true 0 -1 -1 -1 -1 -1 -1 0 
1362199141086 2805 rmnet0 2752 241696 10 true 0 -1 -1 -1 -1 -1 -1 0 
1362199142142 2805 rmnet0 3776 173264 10 true 0 -1 -1 -1 -1 -1 -1 0 
1362199143055 2805 rmnet0 2368 117936 10 true 0 -1 -1 -1 -1 -1 -1 0 
1362199144116 2805 rmnet0 192 5968 10 true 0 -1 -1 -1 -1 -1 -1 0 
1362199145072 2805 rmnet0 64 20 10 true 0 -1 -1 -1 -1 -1 -1 0 
1362199146093 2805 rmnet0 64 20 10 true 0 -1 -1 -1 -1 -1 -1 0 
1362199147096 2805 rmnet0 0 0 10 true 0 -1 -1 -1 -1 -1 -1 0 
1362199148079 2805 rmnet0 0 0 10 true 0 -1 -1 -1 -1 -1 -1 0 
1362199149102 2805 rmnet0 0 0 10 true 0 -1 -1 -1 -1 -1 -1 0 
1362199150085 2805 rmnet0 64 20 10 true 0 -1 -1 -1 -1 -1 -1 0 
1362199151113 2805 rmnet0 0 0 10 true 0 -1 -1 -1 -1 -1 -1 0 
1362199152069 2805 rmnet0 0 0 10 true 0 -1 -1 -1 -1 -1 -1 0 
1362199153072 2805 rmnet0 0 0 10 true 0 -1 -1 -1 -1 -1 -1 0 
1362199154118 2805 rmnet0 0 0 10 true 0 -1 -1 -1 -1 -1 -1 0 
1362199155096 2805 rmnet0 64 20 10 true 0 -1 -1 -1 -1 -1 -1 0 
1362199156109 2805 rmnet0 0 0 10 true 0 -1 -1 -1 -1 -1 -1 0 
1362199157084 2805 rmnet0 0 0 10 true 0 -1 -1 -1 -1 -1 -1 0 
1362199158137 2805 rmnet0 0 0 10 true 0 -1 -1 -1 -1 -1 -1 0 
1362199159113 2805 rmnet0 0 0 10 true 0 -1 -1 -1 -1 -1 -1 0 
1362199160087 2805 rmnet0 0 0 10 true 0 -1 -1 -1 -1 -1 -1 0 
1362199161102 2805 rmnet0 0 0 10 true 0 -1 -1 -1 -1 -1 -1 0 
1362199162148 2805 rmnet0 0 0 10 true 0 -1 -1 -1 -1 -1 -1 0 
1362199163115 2805 rmnet0 0 0 10 true 0 -1 -1 -1 -1 -1 -1 0 
1362199164086 2805 rmnet0 256 0 10 true 0 -1 -1 -1 -1 -1 -1 0 
1362199165080 2805 rmnet0 1728 55120 10 true 0 -1 -1 -1 -1 -1 -1 0 
1362199166139 2805 rmnet0 4352 116480 10 true 0 -1 -1 -1 -1 -1 -1 0 
1362199167101 2805 rmnet0 2688 90272 10 true 0 -1 -1 -1 -1 -1 -1 0 
1362199168159 2805 rmnet0 2560 65520 10 true 0 -1 -1 -1 -1 -1 -1 0 
1362199169148 2805 rmnet0 3200 72800 10 true 0 -1 -1 -1 -1 -1 -1 0 
1362199170153 2805 rmnet0 5696 165984 10 true 0 -1 -1 -1 -1 -1 -1 0 
1362199171125 2805 rmnet0 3584 184912 10 true 0 -1 -1 -1 -1 -1 -1 0 
1362199172109 2805 rmnet0 3968 154336 10 true 0 -1 -1 -1 -1 -1 -1 0 
1362199173143 2805 rmnet0 2560 61152 10 true 0 -1 -1 -1 -1 -1 -1 0 
1362199174135 2805 rmnet0 1536 34944 10 true 0 -1 -1 -1 -1 -1 -1 0 
1362199175113 2805 rmnet0 1216 32032 10 true 0 -1 -1 -1 -1 -1 -1 0 
1362199176211 2805 wlan0 154 0 5 true 0 -1 -1 -1 -1 -1 -1 0 
1362199177126 2805 wlan0 188 2912 5 true 0 -1 -1 -1 -1 -1 -1 0 
1362199178181 2805 wlan0 0 0 5 true 0 -1 -1 -1 -1 -1 -1 0 
1362199179119 2805 wlan0 7034 133952 5 true 0 -1 -1 -1 -1 -1 -1 0 
1362199180148 2805 wlan0 2898 45136 5 true 0 -1 -1 -1 -1 -1 -1 0 
1362199181116 2805 wlan0 1410 21840 5 true 0 -1 -1 -1 -1 -1 -1 0 
1362199182118 2805 wlan0 282 4368 6 true 0 -1 -1 -1 -1 -1 -1 0 
1362199183141 2805 wlan0 0 0 6 true 0 -1 -1 -1 -1 -1 -1 0 
1362199184159 2805 wlan0 376 5824 6 true 0 -1 -1 -1 -1 -1 -1 0 
1362199185121 2805 wlan0 0 0 4 true 0 -1 -1 -1 -1 -1 -1 0 
1362199186156 2805 wlan0 0 0 4 true 0 -1 -1 -1 -1 -1 -1 0 
1362199187138 2805 wlan0 0 0 4 true 0 -1 -1 -1 -1 -1 -1 0 
1362199188137 2805 wlan0 0 0 6 true 0 -1 -1 -1 -1 -1 -1 0 
1362199189144 2805 wlan0 0 0 6 true 0 -1 -1 -1 -1 -1 -1 0 
1362199190141 2805 wlan0 0 0 6 true 0 -1 -1 -1 -1 -1 -1 0 
1362199191176 2805 wlan0 0 0 4 true 0 -1 -1 -1 -1 -1 -1 0 
1362199192166 2805 wlan0 0 0 4 true 0 -1 -1 -1 -1 -1 -1 0 
1362199193122 2805 wlan0 0 0 4 true 0 -1 -1 -1 -1 -1 -1 0 
1362199194159 2805 wlan0 1786 27664 4 true 0 -1 -1 -1 -1 -1 -1 0 
1362199195171 2805 wlan0 470 7280 4 true 0 -1 -1 -1 -1 -1 -1 0 
1362199196129 2805 wlan0 0 0 4 true 0 -1 -1 -1 -1 -1 -1 0 
1362199197150 2805 wlan0 376 5824 5 true 0 -1 -1 -1 -1 -1 -1 0 
1362199198120 2805 wlan0 0 0 5 true 0 -1 -1 -1 -1 -1 -1 0 
1362199199203 2805 wlan0 0 0 5 true 0 -1 -1 -1 -1 -1 -1 0 
1362199200195 2805 wlan0 0 0 4 true 0 -1 -1 -1 -1 -1 -1 0 
1362199201192 2805 wlan0 2522 39312 4 true 0 -1 -1 -1 -1 -1 -1 0 
1362199202131 2805 wlan0 0 0 4 true 0 -1 -1 -1 -1 -1 -1 0 
1362199203219 2805 wlan0 0 0 3 true 0 -1 -1 -1 -1 -1 -1 0 
1362199204144 2805 wlan0 0 0 3 true 0 -1 -1 -1 -1 -1 -1 0 
1362199205184 2805 wlan0 0 0 3 true 0 -1 -1 -1 -1 -1 -1 0 
1362199206117 2805 wlan0 0 0 3 true 0 -1 -1 -1 -1 -1 -1 0 
1362199207246 2805 wlan0 0 0 3 true 0 -1 -1 -1 -1 -1 -1 0 
1362199208121 2805 wlan0 0 0 0 false 0 -1 -1 -1 -1 -1 -1 0 
1362199209141 2805 wlan0 0 0 0 false 0 -1 -1 -1 -1 -1 -1 0 
1362199210141 2805 wlan0 0 0 0 false 0 -1 -1 -1 -1 -1 -1 0 
1362199211164 2805 rmnet0 632 8736 10 true 0 -1 -1 -1 -1 -1 -1 0 
1362199212158 2805 rmnet0 4288 115024 10 true 0 -1 -1 -1 -1 -1 -1 0 
1362199213214 2805 rmnet0 6400 225680 10 true 0 -1 -1 -1 -1 -1 -1 0 
1362199214162 2805 rmnet0 512 11648 10 true 0 -1 -1 -1 -1 -1 -1 0 
1362199215167 2805 rmnet0 2176 49504 10 true 0 -1 -1 -1 -1 -1 -1 0 
1362199216144 2805 rmnet0 2944 93184 10 true 0 -1 -1 -1 -1 -1 -1 0 
1362199217164 2805 rmnet0 1920 62608 10 true 0 -1 -1 -1 -1 -1 -1 0 
1362199218187 2805 rmnet0 576 13104 10 true 0 -1 -1 -1 -1 -1 -1 0 
1362199219166 2805 rmnet0 2176 49504 10 true 0 -1 -1 -1 -1 -1 -1 0 
1362199220165 2805 rmnet0 1984 72800 10 true 0 -1 -1 -1 -1 -1 -1 0 
1362199221170 2805 rmnet0 5696 190736 10 true 0 -1 -1 -1 -1 -1 -1 0 
1362199222125 2805 rmnet0 3904 179088 10 true 0 -1 -1 -1 -1 -1 -1 0 
1362199223178 2805 rmnet0 4672 123760 10 true 0 -1 -1 -1 -1 -1 -1 0 
1362199224177 2805 rmnet0 3008 123760 10 true 0 -1 -1 -1 -1 -1 -1 0 
1362199225191 2805 rmnet0 5504 203840 10 true 0 -1 -1 -1 -1 -1 -1 0 
1362199226170 2805 rmnet0 4800 187824 10 true 0 -1 -1 -1 -1 -1 -1 0 
1362199227192 2805 rmnet0 3712 109200 10 true 0 -1 -1 -1 -1 -1 -1 0 
1362199228149 2805 rmnet0 2944 132496 10 true 0 -1 -1 -1 -1 -1 -1 0 
1362199229206 2805 rmnet0 4928 176176 10 true 0 -1 -1 -1 -1 -1 -1 0 
1362199230175 2805 rmnet0 5568 263536 10 true 0 -1 -1 -1 -1 -1 -1 0 
1362199231178 2805 rmnet0 1088 72148 10 true 0 -1 -1 -1 -1 -1 -1 0 
1362199232160 2805 rmnet0 128 40 10 true 0 -1 -1 -1 -1 -1 -1 0 
1362199233195 2805 rmnet0 0 0 10 true 0 -1 -1 -1 -1 -1 -1 0 
1362199234175 2805 rmnet0 64 20 10 true 0 -1 -1 -1 -1 -1 -1 0 
1362199235160 2805 rmnet0 0 0 10 true 0 -1 -1 -1 -1 -1 -1 0 
1362199236150 2805 rmnet0 0 0 10 true 0 -1 -1 -1 -1 -1 -1 0 
1362199237204 2805 rmnet0 64 20 10 true 0 -1 -1 -1 -1 -1 -1 0 
1362199238167 2805 rmnet0 0 0 10 true 0 -1 -1 -1 -1 -1 -1 0 
1362199239177 2805 rmnet0 0 0 10 true 0 -1 -1 -1 -1 -1 -1 0 
1362199240140 2805 rmnet0 0 0 10 true 0 -1 -1 -1 -1 -1 -1 0 
1362199241221 2805 rmnet0 0 0 10 true 0 -1 -1 -1 -1 -1 -1 0 
1362199242166 2805 rmnet0 64 20 10 true 0 -1 -1 -1 -1 -1 -1 0 
1362199243192 2805 rmnet0 0 0 10 true 0 -1 -1 -1 -1 -1 -1 0 
1362199244218 2805 rmnet0 0 0 10 true 0 -1 -1 -1 -1 -1 -1 0 
1362199245206 2805 wlan0 3834 88052 5 true 0 -1 -1 -1 -1 -1 -1 0 
1362199246165 2805 wlan0 5466 101920 5 true 0 -1 -1 -1 -1 -1 -1 0 
1362199247265 2805 wlan0 9052 253344 4 true 0 -1 -1 -1 -1 -1 -1 0 
1362199248223 2805 wlan0 6626 122304 4 true 0 -1 -1 -1 -1 -1 -1 0 
1362199249172 2805 wlan0 188 2912 4 true 0 -1 -1 -1 -1 -1 -1 0 
1362199250246 2805 wlan0 7628 139776 6 true 0 -1 -1 -1 -1 -1 -1 0 
1362199251206 2805 wlan0 8128 147056 6 true 0 -1 -1 -1 -1 -1 -1 0 
1362199252220 2805 wlan0 2694 42224 6 true 0 -1 -1 -1 -1 -1 -1 0 
1362199253189 2805 wlan0 0 0 6 true 0 -1 -1 -1 -1 -1 -1 0 
1362199254198 2805 wlan0 0 0 6 true 0 -1 -1 -1 -1 -1 -1 0 
1362199255237 2805 wlan0 6642 170352 6 true 0 -1 -1 -1 -1 -1 -1 0 
1362199256215 2805 wlan0 5040 272272 4 true 0 -1 -1 -1 -1 -1 -1 0 
1362199257187 2805 wlan0 5024 238784 4 true 0 -1 -1 -1 -1 -1 -1 0 
1362199258282 2805 wlan0 1644 34944 4 true 0 -1 -1 -1 -1 -1 -1 0 
1362199259178 2805 wlan0 5622 100464 4 true 0 -1 -1 -1 -1 -1 -1 0 
1362199260189 2805 wlan0 658 10192 4 true 0 -1 -1 -1 -1 -1 -1 0 
1362199261207 2805 wlan0 3478 53872 4 true 0 -1 -1 -1 -1 -1 -1 0 
1362199262232 2805 wlan0 2160 34944 4 true 0 -1 -1 -1 -1 -1 -1 0 
1362199263263 2805 wlan0 78 1456 4 true 0 -1 -1 -1 -1 -1 -1 0 
1362199264204 2805 wlan0 7328 216944 4 true 0 -1 -1 -1 -1 -1 -1 0 
1362199265273 2805 wlan0 8864 203840 4 true 0 -1 -1 -1 -1 -1 -1 0 
1362199266207 2805 wlan0 94 1456 3 false 0 -1 -1 -1 -1 -1 -1 0 
1362199267164 2805 wlan0 0 0 3 false 0 -1 -1 -1 -1 -1 -1 0 
1362199268211 2805 wlan0 0 0 3 false 0 -1 -1 -1 -1 -1 -1 0 
1362199269200 2805 rmnet0 1978 46592 10 true 0 -1 -1 -1 -1 -1 -1 0 
1362199270232 2805 rmnet0 2240 78624 10 true 0 -1 -1 -1 -1 -1 -1 0 
1362199271210 2805 rmnet0 640 32032 10 true 0 -1 -1 -1 -1 -1 -1 0 
1362199272261 2805 rmnet0 128 824 10 true 0 -1 -1 -1 -1 -1 -1 0 
1362199273200 2805 rmnet0 64 20 10 true 0 -1 -1 -1 -1 -1 -1 0 
1362199274230 2805 rmnet0 64 20 10 true 0 -1 -1 -1 -1 -1 -1 0 
1362199275206 2805 rmnet0 0 0 10 true 0 -1 -1 -1 -1 -1 -1 0 
1362199276219 2805 rmnet0 0 0 10 true 0 -1 -1 -1 -1 -1 -1 0 
1362199277201 2805 rmnet0 0 0 10 true 0 -1 -1 -1 -1 -1 -1 0 
1362199278227 2805 rmnet0 64 20 10 true 0 -1 -1 -1 -1 -1 -1 0 
1362199279212 2805 rmnet0 0 0 10 true 0 -1 -1 -1 -1 -1 -1 0 
1362199280223 2805 rmnet0 0 0 10 true 0 -1 -1 -1 -1 -1 -1 0 
1362199281234 2805 rmnet0 0 0 10 true 0 -1 -1 -1 -1 -1 -1 0 
1362199282246 2805 rmnet0 0 0 10 true 0 -1 -1 -1 -1 -1 -1 0 
1362199283259 2805 wlan0 3488 230740 5 true 0 -1 -1 -1 -1 -1 -1 0 
1362199284236 2805 wlan0 6076 142688 5 true 0 -1 -1 -1 -1 -1 -1 0 
1362199285272 2805 wlan0 94 1456 5 true 0 -1 -1 -1 -1 -1 -1 0 
1362199286246 2805 wlan0 6312 128128 5 true 0 -1 -1 -1 -1 -1 -1 0 
1362199287251 2805 wlan0 3100 69888 5 true 0 -1 -1 -1 -1 -1 -1 0 
1362199288235 2805 wlan0 2444 37856 5 true 0 -1 -1 -1 -1 -1 -1 0 
1362199289272 2805 wlan0 7738 141232 5 true 0 -1 -1 -1 -1 -1 -1 0 
1362199290263 2805 wlan0 7300 125216 5 true 0 -1 -1 -1 -1 -1 -1 0 
1362199291265 2805 wlan0 6422 176176 5 true 0 -1 -1 -1 -1 -1 -1 0 
1362199292207 2805 wlan0 2850 43680 6 true 0 -1 -1 -1 -1 -1 -1 0 
1362199293209 2805 wlan0 12516 221312 6 true 0 -1 -1 -1 -1 -1 -1 0 
1362199294214 2805 wlan0 6674 103376 6 true 0 -1 -1 -1 -1 -1 -1 0 
1362199295251 2805 wlan0 11810 209664 6 true 0 -1 -1 -1 -1 -1 -1 0 
1362199296298 2805 wlan0 468 26208 5 true 0 -1 -1 -1 -1 -1 -1 0 
1362199297231 2805 wlan0 3286 53872 5 true 0 -1 -1 -1 -1 -1 -1 0 
1362199298282 2805 wlan0 2816 69888 5 true 0 -1 -1 -1 -1 -1 -1 0 
1362199299244 2805 wlan0 8300 131040 3 true 0 -1 -1 -1 -1 -1 -1 0 
1362199300257 2805 wlan0 94 1456 3 true 0 -1 -1 -1 -1 -1 -1 0 
1362199301233 2805 wlan0 188 2912 3 true 0 -1 -1 -1 -1 -1 -1 0 
1362199302260 2805 wlan0 188 2912 3 true 0 -1 -1 -1 -1 -1 -1 0 
1362199303250 2805 wlan0 0 0 3 true 0 -1 -1 -1 -1 -1 -1 0 
1362199304244 2805 wlan0 0 0 3 false 0 -1 -1 -1 -1 -1 -1 0 
1362199305224 2805 wlan0 0 0 3 false 0 -1 -1 -1 -1 -1 -1 0 
1362199306232 2805 wlan0 62 0 3 false 0 -1 -1 -1 -1 -1 -1 0 
1362199307267 2805 rmnet0 1532 32032 10 true 0 -1 -1 -1 -1 -1 -1 0 
1362199308256 2805 rmnet0 2048 46592 10 true 0 -1 -1 -1 -1 -1 -1 0 
1362199309283 2805 rmnet0 960 27664 10 true 0 -1 -1 -1 -1 -1 -1 0 
1362199310273 2805 rmnet0 576 36400 10 true 0 -1 -1 -1 -1 -1 -1 0 
1362199311350 2805 rmnet0 442 0 10 true 0 -1 -1 -1 -1 -1 -1 0 
1362199312259 2805 rmnet0 186 0 10 false 0 -1 -1 -1 -1 -1 -1 0 
1362199313303 2805 rmnet0 186 0 10 false 0 -1 -1 -1 -1 -1 -1 0 
1362199314247 2805 rmnet0 186 0 10 false 0 -1 -1 -1 -1 -1 -1 0 
1362199315255 2805 rmnet0 186 0 10 false 0 -1 -1 -1 -1 -1 -1 0 
1362199316255 2805 rmnet0 62 0 10 false 0 -1 -1 -1 -1 -1 -1 0 
1362199317226 2805 rmnet0 0 0 10 false 0 -1 -1 -1 -1 -1 -1 0 
1362199318266 2805 rmnet0 0 0 10 false 0 -1 -1 -1 -1 -1 -1 0 
1362199319242 2805 rmnet0 186 0 10 true 0 -1 -1 -1 -1 -1 -1 0 
1362199320260 2805 rmnet0 1212 26228 10 true 0 -1 -1 -1 -1 -1 -1 0 
1362199321263 2805 rmnet0 1280 59696 10 true 0 -1 -1 -1 -1 -1 -1 0 
1362199322255 2805 rmnet0 384 23296 10 true 0 -1 -1 -1 -1 -1 -1 0 
1362199323243 2805 rmnet0 128 676 10 true 0 -1 -1 -1 -1 -1 -1 0 
1362199324343 2805 rmnet0 64 20 10 true 0 -1 -1 -1 -1 -1 -1 0 
1362199325248 2805 rmnet0 64 20 10 true 0 -1 -1 -1 -1 -1 -1 0 
1362199326263 2805 rmnet0 0 0 10 true 0 -1 -1 -1 -1 -1 -1 0 
1362199327314 2805 rmnet0 0 0 10 true 0 -1 -1 -1 -1 -1 -1 0 
1362199328278 2805 rmnet0 64 20 10 true 0 -1 -1 -1 -1 -1 -1 0 
1362199329254 2805 rmnet0 0 0 10 true 0 -1 -1 -1 -1 -1 -1 0 
1362199330281 2805 rmnet0 0 0 10 true 0 -1 -1 -1 -1 -1 -1 0 
1362199331302 2805 rmnet0 0 0 10 true 0 -1 -1 -1 -1 -1 -1 0 
1362199332262 2805 rmnet0 0 0 10 true 0 -1 -1 -1 -1 -1 -1 0 
1362199333261 2805 rmnet0 0 0 10 true 0 -1 -1 -1 -1 -1 -1 0 
1362199334250 2805 rmnet0 0 0 10 true 0 -1 -1 -1 -1 -1 -1 0 
1362199335255 2805 rmnet0 0 0 10 true 0 -1 -1 -1 -1 -1 -1 0 
1362199336257 2805 rmnet0 0 0 10 true 0 -1 -1 -1 -1 -1 -1 0 
1362199337291 2805 rmnet0 0 0 10 true 0 -1 -1 -1 -1 -1 -1 0 
1362199338269 2805 rmnet0 0 0 10 true 0 -1 -1 -1 -1 -1 -1 0 
1362199339276 2805 rmnet0 0 0 10 true 0 -1 -1 -1 -1 -1 -1 0 
1362199340270 2805 rmnet0 0 0 10 true 0 -1 -1 -1 -1 -1 -1 0 
1362199341282 2805 rmnet0 0 0 10 true 0 -1 -1 -1 -1 -1 -1 0 
1362199342258 2805 rmnet0 0 0 10 true 0 -1 -1 -1 -1 -1 -1 0 
1362199343271 2805 rmnet0 0 0 10 true 0 -1 -1 -1 -1 -1 -1 0 
1362199344261 2805 rmnet0 0 0 10 true 0 -1 -1 -1 -1 -1 -1 0 
1362199345263 2805 rmnet0 64 20 10 true 0 -1 -1 -1 -1 -1 -1 0 
1362199346302 2805 rmnet0 0 0 10 true 0 -1 -1 -1 -1 -1 -1 0 
1362199347268 2805 rmnet0 0 0 10 true 0 -1 -1 -1 -1 -1 -1 0 
1362199348417 2805 rmnet0 0 0 10 true 0 -1 -1 -1 -1 -1 -1 0 
1362199349320 2805 rmnet0 0 0 10 true 0 -1 -1 -1 -1 -1 -1 0 
1362199350388 2805 wlan0 1676 19768 5 true 0 -1 -1 -1 -1 -1 -1 0 
1362199351296 2805 wlan0 6956 110656 5 true 0 -1 -1 -1 -1 -1 -1 0 
1362199352324 2805 wlan0 4996 142688 5 true 0 -1 -1 -1 -1 -1 -1 0 
1362199353339 2805 wlan0 2976 65520 4 true 0 -1 -1 -1 -1 -1 -1 0 
1362199354284 2805 wlan0 5248 82992 4 true 0 -1 -1 -1 -1 -1 -1 0 
1362199355317 2805 wlan0 7440 122304 4 true 0 -1 -1 -1 -1 -1 -1 0 
1362199356355 2805 wlan0 5608 88816 4 true 0 -1 -1 -1 -1 -1 -1 0 
1362199357306 2805 wlan0 188 2912 4 true 0 -1 -1 -1 -1 -1 -1 0 
1362199358328 2805 wlan0 0 0 4 true 0 -1 -1 -1 -1 -1 -1 0 
1362199359324 2805 wlan0 0 0 4 true 0 -1 -1 -1 -1 -1 -1 0 
1362199360307 2805 wlan0 0 0 4 true 0 -1 -1 -1 -1 -1 -1 0 
1362199361319 2805 wlan0 0 0 4 true 0 -1 -1 -1 -1 -1 -1 0 
1362199362337 2805 wlan0 0 0 4 true 0 -1 -1 -1 -1 -1 -1 0 
1362199363311 2805 wlan0 0 0 4 false 0 -1 -1 -1 -1 -1 -1 0 
1362199364298 2805 wlan0 0 0 4 false 0 -1 -1 -1 -1 -1 -1 0 
1362199365314 2805 wlan0 0 0 2 false 0 -1 -1 -1 -1 -1 -1 0 
1362199366319 2805 rmnet0 632 8736 10 true 0 -1 -1 -1 -1 -1 -1 0 
1362199367339 2805 rmnet0 2624 59696 10 true 0 -1 -1 -1 -1 -1 -1 0 
1362199368357 2805 rmnet0 3456 91728 10 true 0 -1 -1 -1 -1 -1 -1 0 
1362199369327 2805 rmnet0 3136 109200 10 true 0 -1 -1 -1 -1 -1 -1 0 
1362199370315 2805 rmnet0 2496 88816 10 true 0 -1 -1 -1 -1 -1 -1 0 
1362199371314 2805 rmnet0 768 24752 10 true 0 -1 -1 -1 -1 -1 -1 0 
1362199372347 2805 rmnet0 256 3226 10 true 0 -1 -1 -1 -1 -1 -1 0 
1362199373324 2805 rmnet0 64 20 10 true 0 -1 -1 -1 -1 -1 -1 0 
1362199374333 2805 rmnet0 64 20 10 true 0 -1 -1 -1 -1 -1 -1 0 
1362199375328 2805 rmnet0 0 0 10 true 0 -1 -1 -1 -1 -1 -1 0 
1362199376305 2805 rmnet0 0 0 10 true 0 -1 -1 -1 -1 -1 -1 0 
1362199377319 2805 rmnet0 64 20 10 true 0 -1 -1 -1 -1 -1 -1 0 
1362199378361 2805 rmnet0 0 0 10 true 0 -1 -1 -1 -1 -1 -1 0 
1362199379330 2805 rmnet0 0 0 10 true 0 -1 -1 -1 -1 -1 -1 0 
1362199380347 2805 rmnet0 0 0 10 true 0 -1 -1 -1 -1 -1 -1 0 
1362199381347 2805 rmnet0 0 0 10 true 0 -1 -1 -1 -1 -1 -1 0 
1362199382388 2805 rmnet0 0 0 10 true 0 -1 -1 -1 -1 -1 -1 0 
1362199383320 2805 rmnet0 64 20 10 true 0 -1 -1 -1 -1 -1 -1 0 
1362199384313 2805 rmnet0 0 0 10 true 0 -1 -1 -1 -1 -1 -1 0 
1362199385327 2805 rmnet0 0 0 10 true 0 -1 -1 -1 -1 -1 -1 0 
1362199386339 2805 rmnet0 0 0 10 true 0 -1 -1 -1 -1 -1 -1 0 
1362199387341 2805 rmnet0 0 0 10 true 0 -1 -1 -1 -1 -1 -1 0 
1362199388332 2805 rmnet0 0 0 10 true 0 -1 -1 -1 -1 -1 -1 0 
1362199389342 2805 rmnet0 0 0 10 true 0 -1 -1 -1 -1 -1 -1 0 
1362199390389 2805 rmnet0 0 0 10 true 0 -1 -1 -1 -1 -1 -1 0 
1362199391314 2805 rmnet0 0 0 10 true 0 -1 -1 -1 -1 -1 -1 0 
1362199392340 2805 rmnet0 192 0 10 true 0 -1 -1 -1 -1 -1 -1 0 
1362199393330 2805 rmnet0 2240 67884 10 true 0 -1 -1 -1 -1 -1 -1 0 
1362199394372 2805 rmnet0 4032 157248 10 true 0 -1 -1 -1 -1 -1 -1 0 
1362199395379 2805 rmnet0 6528 260624 10 true 0 -1 -1 -1 -1 -1 -1 0 
1362199396407 2805 rmnet0 4480 291200 10 true 0 -1 -1 -1 -1 -1 -1 0 
1362199397327 2805 rmnet0 2432 202384 10 true 0 -1 -1 -1 -1 -1 -1 0 
1362199398406 2805 rmnet0 2816 238784 10 true 0 -1 -1 -1 -1 -1 -1 0 
1362199399369 2805 rmnet0 384 42858 10 true 0 -1 -1 -1 -1 -1 -1 0 
1362199400340 2805 rmnet0 128 40 10 true 0 -1 -1 -1 -1 -1 -1 0 
1362199401336 2805 rmnet0 0 0 10 true 0 -1 -1 -1 -1 -1 -1 0 
1362199402361 2805 rmnet0 64 20 10 true 0 -1 -1 -1 -1 -1 -1 0 
1362199403366 2805 rmnet0 0 0 10 true 0 -1 -1 -1 -1 -1 -1 0 
1362199404343 2805 rmnet0 64 20 10 true 0 -1 -1 -1 -1 -1 -1 0 
1362199405339 2805 rmnet0 0 0 10 true 0 -1 -1 -1 -1 -1 -1 0 
1362199406339 2805 rmnet0 0 0 10 true 0 -1 -1 -1 -1 -1 -1 0 
1362199407346 2805 rmnet0 0 0 10 true 0 -1 -1 -1 -1 -1 -1 0 
1362199408363 2805 rmnet0 0 0 10 true 0 -1 -1 -1 -1 -1 -1 0 
1362199409341 2805 rmnet0 64 20 10 true 0 -1 -1 -1 -1 -1 -1 0 
1362199410364 2805 rmnet0 0 0 10 true 0 -1 -1 -1 -1 -1 -1 0 
1362199411363 2805 rmnet0 0 0 10 true 0 -1 -1 -1 -1 -1 -1 0 
1362199412362 2805 rmnet0 0 0 10 true 0 -1 -1 -1 -1 -1 -1 0 
1362199413364 2805 rmnet0 0 0 10 true 0 -1 -1 -1 -1 -1 -1 0 
1362199414377 2805 rmnet0 0 0 10 true 0 -1 -1 -1 -1 -1 -1 0 
1362199415372 2805 rmnet0 0 0 10 true 0 -1 -1 -1 -1 -1 -1 0 
1362199416358 2805 rmnet0 0 0 10 true 0 -1 -1 -1 -1 -1 -1 0 
1362199417364 2805 rmnet0 0 0 10 true 0 -1 -1 -1 -1 -1 -1 0 
1362199418368 2805 rmnet0 0 0 10 true 0 -1 -1 -1 -1 -1 -1 0 
1362199419330 2805 rmnet0 0 0 10 true 0 -1 -1 -1 -1 -1 -1 0 
1362199420377 2805 rmnet0 0 0 10 true 0 -1 -1 -1 -1 -1 -1 0 
1362199421366 2805 rmnet0 64 20 10 true 0 -1 -1 -1 -1 -1 -1 0 
1362199422369 2805 rmnet0 0 0 10 true 0 -1 -1 -1 -1 -1 -1 0 
1362199423369 2805 rmnet0 1280 23524 10 true 0 -1 -1 -1 -1 -1 -1 0 
1362199424443 2805 rmnet0 4800 180544 10 true 0 -1 -1 -1 -1 -1 -1 0 
1362199425390 2805 wlan0 1736 24752 3 true 0 -1 -1 -1 -1 -1 -1 0 
1362199426399 2805 wlan0 0 0 3 true 0 -1 -1 -1 -1 -1 -1 0 
1362199427421 2805 wlan0 188 2912 3 true 0 -1 -1 -1 -1 -1 -1 0 
1362199428464 2805 wlan0 0 0 3 true 0 -1 -1 -1 -1 -1 -1 0 
1362199429406 2805 wlan0 94 1456 3 true 0 -1 -1 -1 -1 -1 -1 0 
1362199430348 2805 wlan0 0 0 3 false 0 -1 -1 -1 -1 -1 -1 0 
1362199431377 2805 wlan0 0 0 3 false 0 -1 -1 -1 -1 -1 -1 0 
1362199432381 2805 wlan0 0 0 3 false 0 -1 -1 -1 -1 -1 -1 0 
1362199433416 2805 rmnet0 1082 20384 10 true 0 -1 -1 -1 -1 -1 -1 0 
1362199434381 2805 rmnet0 512 11648 10 true 0 -1 -1 -1 -1 -1 -1 0 
1362199435383 2805 rmnet0 2816 71344 10 true 0 -1 -1 -1 -1 -1 -1 0 
1362199436396 2805 rmnet0 2752 91728 10 true 0 -1 -1 -1 -1 -1 -1 0 
1362199437444 2805 rmnet0 3328 141232 10 true 0 -1 -1 -1 -1 -1 -1 0 
1362199438386 2805 rmnet0 6016 231504 10 true 0 -1 -1 -1 -1 -1 -1 0 
1362199439449 2805 rmnet0 5376 183456 10 true 0 -1 -1 -1 -1 -1 -1 0 
1362199440481 2805 wlan0 1000 13104 6 true 0 -1 -1 -1 -1 -1 -1 0 
1362199441387 2805 wlan0 736 11648 6 true 0 -1 -1 -1 -1 -1 -1 0 
1362199442387 2805 wlan0 940 14560 6 true 0 -1 -1 -1 -1 -1 -1 0 
1362199443379 2805 wlan0 1692 26208 7 true 0 -1 -1 -1 -1 -1 -1 0 
1362199444474 2805 wlan0 2632 40768 7 true 0 -1 -1 -1 -1 -1 -1 0 
1362199445374 2805 wlan0 564 8736 7 true 0 -1 -1 -1 -1 -1 -1 0 
1362199446456 2805 wlan0 10652 170352 7 true 0 -1 -1 -1 -1 -1 -1 0 
1362199447397 2805 wlan0 4526 77168 7 true 0 -1 -1 -1 -1 -1 -1 0 
1362199448428 2805 wlan0 266 4368 7 true 0 -1 -1 -1 -1 -1 -1 0 
1362199449411 2805 wlan0 188 2912 5 true 0 -1 -1 -1 -1 -1 -1 0 
1362199450426 2805 wlan0 0 0 5 true 0 -1 -1 -1 -1 -1 -1 0 
1362199451429 2805 wlan0 8756 152880 5 true 0 -1 -1 -1 -1 -1 -1 0 
1362199452409 2805 wlan0 3712 65520 5 true 0 -1 -1 -1 -1 -1 -1 0 
1362199453393 2805 wlan0 0 0 5 true 0 -1 -1 -1 -1 -1 -1 0 
1362199454460 2805 wlan0 0 0 5 true 0 -1 -1 -1 -1 -1 -1 0 
1362199455393 2805 wlan0 0 0 4 true 0 -1 -1 -1 -1 -1 -1 0 
1362199456448 2805 wlan0 0 0 4 true 0 -1 -1 -1 -1 -1 -1 0 
1362199457421 2805 wlan0 0 0 4 true 0 -1 -1 -1 -1 -1 -1 0 
1362199458443 2805 wlan0 0 0 2 true 0 -1 -1 -1 -1 -1 -1 0 
1362199459381 2805 wlan0 0 0 0 true 0 -1 -1 -1 -1 -1 -1 0 
1362199460404 2805 wlan0 0 0 0 false 0 -1 -1 -1 -1 -1 -1 0 
1362199461380 2805 wlan0 0 0 0 false 0 -1 -1 -1 -1 -1 -1 0 
1362199462424 2805 wlan0 0 0 0 false 0 -1 -1 -1 -1 -1 -1 0 
1362199463408 2805 rmnet0 1146 21840 10 true 0 -1 -1 -1 -1 -1 -1 0 
1362199464447 2805 rmnet0 640 14560 10 true 0 -1 -1 -1 -1 -1 -1 0 
1362199465366 2805 rmnet0 1024 23296 10 true 0 -1 -1 -1 -1 -1 -1 0 
1362199466443 2805 rmnet0 1152 26208 10 true 0 -1 -1 -1 -1 -1 -1 0 
1362199467400 2805 rmnet0 640 14560 10 true 0 -1 -1 -1 -1 -1 -1 0 
1362199468397 2805 rmnet0 0 0 10 true 0 -1 -1 -1 -1 -1 -1 0 
1362199469396 2805 rmnet0 128 2912 10 true 0 -1 -1 -1 -1 -1 -1 0 
1362199470430 2805 rmnet0 0 0 10 true 0 -1 -1 -1 -1 -1 -1 0 
1362199471470 2805 rmnet0 640 14560 10 true 0 -1 -1 -1 -1 -1 -1 0 
1362199472432 2805 rmnet0 2432 85904 10 true 0 -1 -1 -1 -1 -1 -1 0 
1362199473452 2805 rmnet0 1152 26208 10 true 0 -1 -1 -1 -1 -1 -1 0 
1362199474419 2805 rmnet0 704 16016 10 true 0 -1 -1 -1 -1 -1 -1 0 
1362199475405 2805 rmnet0 320 7280 10 true 0 -1 -1 -1 -1 -1 -1 0 
1362199476409 2805 rmnet0 64 1456 10 true 0 -1 -1 -1 -1 -1 -1 0 
1362199477429 2805 rmnet0 3456 81536 10 true 0 -1 -1 -1 -1 -1 -1 0 
1362199478443 2805 rmnet0 2688 123760 10 true 0 -1 -1 -1 -1 -1 -1 0 
1362199479413 2805 rmnet0 4224 142688 10 true 0 -1 -1 -1 -1 -1 -1 0 
1362199480446 2805 rmnet0 3008 90272 10 true 0 -1 -1 -1 -1 -1 -1 0 
1362199481420 2805 rmnet0 4416 183456 10 true 0 -1 -1 -1 -1 -1 -1 0 
1362199482434 2805 rmnet0 4864 224224 10 true 0 -1 -1 -1 -1 -1 -1 0 
1362199483434 2805 rmnet0 5056 250432 10 true 0 -1 -1 -1 -1 -1 -1 0 
1362199484436 2805 rmnet0 6208 225680 10 true 0 -1 -1 -1 -1 -1 -1 0 
1362199485439 2805 rmnet0 5568 196560 10 true 0 -1 -1 -1 -1 -1 -1 0 
1362199486529 2805 rmnet0 2816 115024 10 true 0 -1 -1 -1 -1 -1 -1 0 
1362199487413 2805 rmnet0 256 10996 10 true 0 -1 -1 -1 -1 -1 -1 0 
1362199488491 2805 rmnet0 128 40 10 true 0 -1 -1 -1 -1 -1 -1 0 
1362199489449 2805 rmnet0 64 20 10 true 0 -1 -1 -1 -1 -1 -1 0 
1362199490488 2805 rmnet0 0 0 10 true 0 -1 -1 -1 -1 -1 -1 0 
1362199491427 2805 rmnet0 0 0 10 true 0 -1 -1 -1 -1 -1 -1 0 
1362199492462 2805 rmnet0 64 20 10 true 0 -1 -1 -1 -1 -1 -1 0 
1362199493435 2805 rmnet0 0 0 10 true 0 -1 -1 -1 -1 -1 -1 0 
1362199494479 2805 rmnet0 0 0 10 true 0 -1 -1 -1 -1 -1 -1 0 
1362199495428 2805 rmnet0 0 0 10 true 0 -1 -1 -1 -1 -1 -1 0 
1362199496447 2805 rmnet0 0 0 10 true 0 -1 -1 -1 -1 -1 -1 0 
1362199497430 2805 rmnet0 0 0 10 true 0 -1 -1 -1 -1 -1 -1 0 
1362199498526 2805 rmnet0 64 20 10 true 0 -1 -1 -1 -1 -1 -1 0 
1362199499439 2805 rmnet0 0 0 10 true 0 -1 -1 -1 -1 -1 -1 0 
1362199500490 2805 rmnet0 0 0 10 true 0 -1 -1 -1 -1 -1 -1 0 
1362199501445 2805 rmnet0 0 0 10 true 0 -1 -1 -1 -1 -1 -1 0 
1362199502489 2805 rmnet0 0 0 10 true 0 -1 -1 -1 -1 -1 -1 0 
1362199503442 2805 rmnet0 0 0 10 true 0 -1 -1 -1 -1 -1 -1 0 
1362199504450 2805 rmnet0 0 0 10 true 0 -1 -1 -1 -1 -1 -1 0 
1362199505438 2805 rmnet0 0 0 10 true 0 -1 -1 -1 -1 -1 -1 0 
1362199506521 2805 rmnet0 0 0 10 true 0 -1 -1 -1 -1 -1 -1 0 
1362199507492 2805 rmnet0 256 0 10 true 0 -1 -1 -1 -1 -1 -1 0 
1362199508484 2805 rmnet0 256 4256 10 true 0 -1 -1 -1 -1 -1 -1 0 
1362199509452 2805 rmnet0 1920 43680 10 true 0 -1 -1 -1 -1 -1 -1 0 
1362199510473 2805 rmnet0 2240 52416 10 true 0 -1 -1 -1 -1 -1 -1 0 
1362199511495 2805 rmnet0 640 14560 10 true 0 -1 -1 -1 -1 -1 -1 0 
1362199512478 2805 rmnet0 1216 27664 10 true 0 -1 -1 -1 -1 -1 -1 0 
1362199513483 2805 rmnet0 384 8736 10 true 0 -1 -1 -1 -1 -1 -1 0 
1362199514537 2805 rmnet0 64 1456 10 true 0 -1 -1 -1 -1 -1 -1 0 
1362199515497 2805 rmnet0 2176 52416 10 true 0 -1 -1 -1 -1 -1 -1 0 
1362199516480 2805 wlan0 342 2912 3 true 0 -1 -1 -1 -1 -1 -1 0 
1362199517465 2805 wlan0 376 5824 3 true 0 -1 -1 -1 -1 -1 -1 0 
1362199518552 2805 wlan0 0 0 3 true 0 -1 -1 -1 -1 -1 -1 0 
1362199519498 2805 wlan0 1582 30576 3 true 0 -1 -1 -1 -1 -1 -1 0 
1362199520473 2805 wlan0 0 0 3 false 0 -1 -1 -1 -1 -1 -1 0 
1362199521443 2805 wlan0 0 0 6 false 0 -1 -1 -1 -1 -1 -1 0 
1362199522457 2805 wlan0 0 0 6 false 0 -1 -1 -1 -1 -1 -1 0 
1362199523510 2805 rmnet0 1016 17472 10 true 0 -1 -1 -1 -1 -1 -1 0 
1362199524472 2805 rmnet0 2496 62608 10 true 0 -1 -1 -1 -1 -1 -1 0 
1362199525630 2805 rmnet0 1024 23296 10 true 0 -1 -1 -1 -1 -1 -1 0 
1362199526497 2805 wlan0 890 11648 4 true 0 -1 -1 -1 -1 -1 -1 0 
1362199527502 2805 wlan0 282 4368 4 true 0 -1 -1 -1 -1 -1 -1 0 
1362199528518 2805 wlan0 94 1456 4 true 0 -1 -1 -1 -1 -1 -1 0 
1362199529502 2805 wlan0 0 0 4 true 0 -1 -1 -1 -1 -1 -1 0 
1362199530502 2805 wlan0 1316 20384 4 true 0 -1 -1 -1 -1 -1 -1 0 
1362199531496 2805 wlan0 9274 171808 4 true 0 -1 -1 -1 -1 -1 -1 0 
1362199532481 2805 wlan0 2334 36400 4 true 0 -1 -1 -1 -1 -1 -1 0 
1362199533509 2805 wlan0 0 0 4 true 0 -1 -1 -1 -1 -1 -1 0 
1362199534501 2805 wlan0 0 0 4 true 0 -1 -1 -1 -1 -1 -1 0 
1362199535500 2805 wlan0 0 0 4 false 0 -1 -1 -1 -1 -1 -1 0 
1362199536457 2805 wlan0 0 0 4 false 0 -1 -1 -1 -1 -1 -1 0 
1362199537478 2805 wlan0 0 0 4 false 0 -1 -1 -1 -1 -1 -1 0 
1362199538481 2805 rmnet0 888 14560 10 true 0 -1 -1 -1 -1 -1 -1 0 
1362199539535 2805 rmnet0 4288 161616 10 true 0 -1 -1 -1 -1 -1 -1 0 
1362199540484 2805 rmnet0 3392 87360 10 true 0 -1 -1 -1 -1 -1 -1 0 
1362199541567 2805 rmnet0 4160 142688 10 true 0 -1 -1 -1 -1 -1 -1 0 
1362199542496 2805 rmnet0 4928 165984 10 true 0 -1 -1 -1 -1 -1 -1 0 
1362199543541 2805 rmnet0 4544 187824 10 true 0 -1 -1 -1 -1 -1 -1 0 
1362199544500 2805 rmnet0 3904 184912 10 true 0 -1 -1 -1 -1 -1 -1 0 
1362199545547 2805 rmnet0 3456 135408 10 true 0 -1 -1 -1 -1 -1 -1 0 
1362199546550 2805 rmnet0 2112 145600 10 true 0 -1 -1 -1 -1 -1 -1 0 
1362199547581 2805 rmnet0 5568 171808 10 true 0 -1 -1 -1 -1 -1 -1 0 
1362199548515 2805 wlan0 3162 46592 6 true 0 -1 -1 -1 -1 -1 -1 0 
1362199549501 2805 wlan0 1770 27664 6 true 0 -1 -1 -1 -1 -1 -1 0 
1362199550544 2805 wlan0 830 13104 6 true 0 -1 -1 -1 -1 -1 -1 0 
1362199551526 2805 wlan0 2052 32032 5 true 0 -1 -1 -1 -1 -1 -1 0 
1362199552533 2805 wlan0 2068 32032 5 true 0 -1 -1 -1 -1 -1 -1 0 
1362199553513 2805 wlan0 188 2912 5 true 0 -1 -1 -1 -1 -1 -1 0 
1362199554547 2805 wlan0 5044 78624 5 true 0 -1 -1 -1 -1 -1 -1 0 
1362199555512 2805 wlan0 188 2912 5 true 0 -1 -1 -1 -1 -1 -1 0 
1362199556507 2805 wlan0 188 2912 5 true 0 -1 -1 -1 -1 -1 -1 0 
1362199557563 2805 wlan0 0 0 4 true 0 -1 -1 -1 -1 -1 -1 0 
1362199558526 2805 wlan0 0 0 4 true 0 -1 -1 -1 -1 -1 -1 0 
1362199559576 2805 wlan0 0 0 4 true 0 -1 -1 -1 -1 -1 -1 0 
1362199560521 2805 wlan0 0 0 3 true 0 -1 -1 -1 -1 -1 -1 0 
1362199561566 2805 wlan0 0 0 3 true 0 -1 -1 -1 -1 -1 -1 0 
1362199562517 2805 wlan0 0 0 3 true 0 -1 -1 -1 -1 -1 -1 0 
1362199563573 2805 wlan0 0 0 3 true 0 -1 -1 -1 -1 -1 -1 0 
1362199564515 2805 wlan0 0 0 3 true 0 -1 -1 -1 -1 -1 -1 0 
1362199565560 2805 wlan0 0 0 3 false 0 -1 -1 -1 -1 -1 -1 0 
1362199566505 2805 wlan0 0 0 3 false 0 -1 -1 -1 -1 -1 -1 0 
1362199567542 2805 wlan0 0 0 3 false 0 -1 -1 -1 -1 -1 -1 0 
1362199568480 2805 rmnet0 1210 23296 10 true 0 -1 -1 -1 -1 -1 -1 0 
1362199569540 2805 rmnet0 1920 43680 10 true 0 -1 -1 -1 -1 -1 -1 0 
1362199570517 2805 rmnet0 320 7280 10 true 0 -1 -1 -1 -1 -1 -1 0 
1362199571529 2805 rmnet0 1344 30576 10 true 0 -1 -1 -1 -1 -1 -1 0 
1362199572599 2805 rmnet0 3456 123760 10 true 0 -1 -1 -1 -1 -1 -1 0 
1362199573529 2805 rmnet0 3584 164528 10 true 0 -1 -1 -1 -1 -1 -1 0 
1362199574551 2805 rmnet0 3840 120848 10 true 0 -1 -1 -1 -1 -1 -1 0 
1362199575556 2805 rmnet0 2688 110656 10 true 0 -1 -1 -1 -1 -1 -1 0 
1362199576514 2805 rmnet0 3136 74256 10 true 0 -1 -1 -1 -1 -1 -1 0 
1362199577530 2805 rmnet0 2112 48048 10 true 0 -1 -1 -1 -1 -1 -1 0 
1362199578520 2805 rmnet0 1600 36400 10 true 0 -1 -1 -1 -1 -1 -1 0 
1362199579524 2805 rmnet0 2880 96096 10 true 0 -1 -1 -1 -1 -1 -1 0 
1362199580576 2805 rmnet0 3840 149968 10 true 0 -1 -1 -1 -1 -1 -1 0 
1362199581548 2805 rmnet0 3904 109200 10 true 0 -1 -1 -1 -1 -1 -1 0 
1362199582572 2805 rmnet0 1728 61152 10 true 0 -1 -1 -1 -1 -1 -1 0 
1362199583528 2805 rmnet0 64 1456 10 true 0 -1 -1 -1 -1 -1 -1 0 
1362199584565 2805 rmnet0 0 0 10 true 0 -1 -1 -1 -1 -1 -1 0 
1362199585611 2805 rmnet0 0 0 10 true 0 -1 -1 -1 -1 -1 -1 0 
1362199586583 2805 rmnet0 0 0 10 true 0 -1 -1 -1 -1 -1 -1 0 
1362199587528 2805 wlan0 2786 40768 9 true 0 -1 -1 -1 -1 -1 -1 0 
1362199588529 2805 wlan0 4872 96096 9 true 0 -1 -1 -1 -1 -1 -1 0 
1362199589624 2805 wlan0 7674 221312 9 true 0 -1 -1 -1 -1 -1 -1 0 
