1362523395356 True -1 0.034483 0.000000   134    10  28  28  29
1362523395918 True -1 0.018182 0.000000   141    26  54  54  55
1362523396991 True -1 0.021739 0.000000   121    27  45  45  46
1362523397905 True -1 0.018868 0.000000    59    10  52  52  53
1362523398932 True -1 0.021277 0.000000    54     2  46  46  47
1362523399862 True -1 0.018868 0.000000    58     7  52  52  53
1362523400898 True -1 0.040000 0.000000    85    58  48  48  50
1362523401884 True -1 0.012821 0.000000    58     6  77  77  78
1362523403411 True -1 0.041667 0.000000    57     5  23  23  24
1362523403871 True -1 0.019231 0.000000    55     4  51  51  52
1362523404902 True -1 0.020000 0.000000    55     4  49  49  50
1362523405888 True -1 0.020000 0.000000    58     6  49  49  50
1362523406868 True -1 0.019231 0.000000    64    10  51  51  52
1362523407875 True -1 0.019608 0.000000    65    10  50  50  51
1362523408888 True -1 0.020000 0.000000    60     7  49  49  50
1362523409859 True -1 0.019231 0.000000    57     6  51  51  52
1362523410883 True -1 0.018868 0.000000    58     6  52  52  53
1362523411910 True -1 0.020000 0.000000    58     6  49  49  50
1362523412896 True -1 0.020000 0.000000    72    29  49  49  50
1362523413879 True -1 0.019231 0.000000    60     6  51  51  52
1362523414897 True -1 0.019608 0.000000    63     6  50  50  51
1362523415903 True -1 0.018868 0.000000    97    60  52  52  53
1362523416937 True -1 0.102041 0.045455   164   125  42  44  49
1362523417900 True -1 0.056604 0.100000  1165   221  45  50  53
1362523418942 True 2 0.086957 1.000000     0     0   0  42  46
1362523419865 True 2 0.946429 1.000000     0     0   0   3  56
1362523420983 True 3 1.000000 1.000000     0     0   0   0  54
1362523422065 False -1 0.627119 0.000000   257    29  22  22  59
1362523422860 True 3 0.056604 0.060000   194    58  47  50  53
1362523423889 True 3 0.020408 0.041667   208   108  46  48  49
1362523424884 True 3 0.039216 0.040816   142    74  47  49  51
1362523425871 True 4 0.040000 0.083333   182    60  44  48  50
1362523426860 True 4 0.054545 0.192308   289    64  42  52  55
1362523427930 True 4 0.078431 0.212766   163    54  37  47  51
1362523428910 True 3 0.081633 0.200000   156    39  36  45  49
1362523429885 True 3 0.037037 0.134615   153    93  45  52  54
1362523430933 True 3 0.153846 0.477273  1167   511  23  44  52
1362523431924 True 2 0.125000 0.785714  2038   381   9  42  48
1362523432857 True 2 0.074074 0.140000  1334   147  43  50  54
1362523433912 True 2 0.104167 0.162791  1092    71  36  43  48
1362523434866 True 3 0.092593 0.387755  1128    71  30  49  54
1362523435920 True 3 0.274510 0.459459  1504   171  20  37  51
1362523436920 True 3 0.183673 0.350000  1930    79  26  40  49
1362523437861 True 2 0.222222 0.476190  2003   193  22  42  54
1362523438891 True 2 0.220339 0.500000  2525    63  23  46  59
1362523439952 True 2 0.122449 0.186047  3348   292  35  43  49
1362523440896 True 3 0.178571 0.391304  3358   124  28  46  56
1362523441945 True 3 0.137255 0.340909  3354    57  29  44  51
1362523442942 True 3 0.150943 0.133333  3376    91  39  45  53
1362523443937 True 4 0.020000 0.000000  2858   223  49  49  50
1362523444921 True 4 0.057692 0.081633  2155   193  45  49  52
1362523445930 True 4 0.100000 0.355556  1660   112  29  45  50
1362523446913 True 4 0.250000 0.282051  1895   144  28  39  52
1362523447947 True 4 0.057692 0.020408  1518   166  48  49  52
1362523448954 True 4 0.173077 0.302326  1033   119  30  43  52
1362523449933 True 4 0.134615 0.222222   990    97  35  45  52
1362523450916 True 4 0.089286 0.274510   611    77  37  51  56
1362523451992 True 4 0.042553 0.222222  1007   323  35  45  47
1362523452921 True 2 0.107143 0.100000  1316   102  45  50  56
1362523454025 True 2 0.044444 0.395349  1064    71  26  43  45
1362523454908 True 2 0.086207 0.188679   820   146  43  53  58
1362523455995 True 4 0.125000 0.142857   410    50  36  42  48
1362523456952 True 4 0.057692 0.244898   446    96  37  49  52
1362523457967 True 4 0.122449 0.302326   283   111  30  43  49
1362523458924 True 3 0.075472 0.326531   341    97  33  49  53
1362523459927 True 3 0.094340 0.333333   131    86  32  48  53
1362523460910 True 3 0.462963 0.862069   236    93   4  29  54
1362523461978 True 3 0.413793 0.000000  3514   228  34  34  58
1362523462901 True 3 0.058824 0.000000  4452   308  48  48  51
1362523463895 True 3 0.018868 1.000000     0     0   0  52  53
1362523464968 True 2 0.000000 1.000000     0     0   0  50  49
1362523465954 True 2 0.041667 1.000000     0     0   0  46  48
1362523466929 True 2 0.980769 1.000000     0     0   0   1  52
1362523467966 True 2 1.000000 1.000000     0     0   0   0  50
1362523468972 True 2 1.000000 1.000000     0     0   0   0  47
1362523469908 False 0 1.000000 1.000000     0     0   0   0  47
1362523470850 False 0 1.000000 1.000000     0     0   0   0  52
1362523471876 False 0 0.402985 0.000000    65     8  40  40  67
1362523472920 True -1 0.142857 0.520833   296   231  23  48  56
1362523474026 True -1 0.148936 0.150000   305   117  34  40  47
1362523474921 True 2 0.072727 0.039216   113    84  49  51  55
1362523476006 True 2 0.170213 0.102564   127    80  35  39  47
1362523476918 True 3 0.640000 0.500000  1241   871   9  18  50
1362523477908 True 3 0.210526 0.511111  3652   287  22  45  57
1362523478946 True 3 0.039216 0.306122  4173   112  34  49  51
1362523479930 True 1 0.056604 0.260000  3860   117  37  50  53
1362523480966 True 1 0.288462 0.432432  3668    49  21  37  52
1362523481915 True 1 0.090909 0.460000  4159    47  27  50  55
1362523482996 True 3 0.425926 0.548387  5420   453  14  31  54
1362523483932 True 3 0.092593 0.224490  5483    89  38  49  54
1362523484973 True 3 0.200000 0.425000  5379   110  23  40  50
1362523485947 True 3 0.500000 0.516129  6737   193  15  31  62
1362523486942 True 3 0.215686 0.475000  6853    77  21  40  51
1362523487933 True 3 0.416667 0.400000  7377   149  21  35  60
1362523488983 True 2 0.450980 0.892857  7101    49   3  28  51
1362523489951 True 2 0.328125 0.000000 10904   222  43  43  64
1362523491028 True 2 0.234043 0.000000 10200   195  36  36  47
1362523491947 True 3 0.760000 0.000000  8964   206  18  18  75
1362523492993 True 3 0.395833 0.000000  8064   283  29  29  48
1362523493947 True 3 0.150943 0.000000  7268   279  45  45  53
1362523494976 True 3 0.510204 0.000000  6086   274  24  24  49
1362523495932 True 3 0.019231 0.000000  5314   278  51  51  52
1362523496955 True 3 0.866667 0.000000  4578    18   8   8  60
1362523497915 True 2 1.000000 1.000000     0     0   0   0  51
1362523498939 True 2 1.000000 1.000000     0     0   0   0  51
1362523499956 True 2 1.000000 1.000000     0     0   0   0  49
1362523500936 True 2 0.671053 0.000000   237   123  25  25  76
1362523501939 True 2 0.019608 0.000000     9     6  50  50  51
1362523502945 True 2 0.019608 0.060000    10     7  47  50  51
1362523503947 True 4 0.018868 0.000000     9     6  52  52  53
1362523504985 True 4 0.020000 0.081633    12     9  45  49  50
1362523505968 True 4 0.019231 0.039216     9     8  49  51  52
1362523506988 True 3 0.020833 0.000000     8     5  47  47  48
1362523507916 True 3 0.018868 0.057692    72    94  49  52  53
1362523508964 True 3 0.020833 0.000000   107    76  47  47  48
1362523509905 True 4 0.019231 0.000000    19    28  51  51  52
1362523510927 True 4 0.019608 0.000000    15    20  50  50  51
1362523511922 True 4 0.016949 0.017241     8     5  57  58  59
1362523513077 True 6 0.022222 0.000000     8     6  44  44  45
1362523513955 True 6 0.018182 0.018519    21    27  53  54  55
1362523515038 True 6 0.021277 0.000000    16    24  46  46  47
1362523515966 True 4 0.019231 0.019608    22    29  50  51  52
1362523516976 True 4 0.020408 0.083333    32    34  44  48  49
1362523517943 True 4 0.019608 0.020000    28    27  49  50  51
1362523518940 True 6 0.018868 0.096154    39    36  47  52  53
1362523519980 True 6 0.020000 0.040816    71    53  47  49  50
1362523520962 True 6 0.018868 0.019231    38    40  51  52  53
1362523521995 True 5 0.019608 0.080000    49    38  46  50  51
1362523523002 True 5 0.019608 0.040000    93    67  48  50  51
1362523523992 True 5 0.019608 0.000000    11     8  50  50  51
1362523525004 True 4 0.020833 0.021277    12     8  46  47  48
1362523525939 True 4 0.018868 0.076923    29    28  48  52  53
1362523526987 True 4 0.019608 0.080000    29    35  46  50  51
1362523527974 True 4 0.076923 0.062500    51    52  45  48  52
1362523528976 True 4 0.040000 0.041667    54    34  46  48  50
1362523529962 True 4 0.117647 0.044444    96    58  43  45  51
1362523530967 True 2 0.173077 0.116279   117    36  38  43  52
1362523531981 True 2 0.094340 0.187500   247    94  39  48  53
1362523532992 True 2 0.039216 0.163265   548   118  41  49  51
1362523534004 True 1 0.040816 0.042553   240   156  45  47  49
1362523534960 True 1 0.100000 0.133333    88    77  39  45  50
1362523535932 True 1 0.057692 0.081633    44    50  45  49  52
1362523536965 True 3 0.019231 0.156863    25    22  43  51  52
1362523537983 True 3 0.019608 0.080000    12     7  46  50  51
1362523538975 True 3 0.096154 0.297872   156    96  33  47  52
1362523539973 True 4 0.109091 0.551020   608   173  22  49  55
1362523541030 True 4 0.270833 0.685714   883   481  11  35  48
1362523541950 True 4 0.288136 0.214286  5175   525  33  42  59
1362523542984 True 3 0.462687 0.277778  7081   145  26  36  67
1362523543979 True 3 0.018868 0.038462  6558   152  50  52  53
1362523545011 True 3 0.104167 0.069767  6265    67  40  43  48
1362523545937 True 2 0.075472 0.081633  5927    97  45  49  53
1362523546975 True 2 0.078431 0.361702  5768    47  30  47  51
1362523547973 True 2 0.627451 0.000000  5654   148  19  19  51
1362523548978 True 3 0.959596 0.000000  4083    16   4   4  99
1362523550006 True 3 0.220000 0.025641  3807   155  38  39  50
1362523550970 True 3 0.122449 0.116279  3330    84  38  43  49
1362523551944 True 2 0.074074 0.240000  3015    99  38  50  54
1362523553006 True 2 0.132075 0.239130  2900    49  35  46  53
1362523553997 True 2 0.094340 0.333333  3434   342  32  48  53
1362523555015 True 3 0.200000 0.318182  4065    85  30  44  55
1362523555952 True 3 0.163636 0.673913  4336   282  15  46  55
1362523557040 True 3 0.339286 0.702703  5163   213  11  37  56
1362523557943 True 2 0.618182 0.619048  5688    91   8  21  55
1362523559007 True 2 0.712329 0.714286  4847   111   6  21  73
1362523559954 True 2 0.160714 0.723404  5151   172  13  47  56
1362523561032 True 3 0.156863 0.720930  6354   953  12  43  51
1362523561975 True 3 0.426471 0.794872  8504   537   8  39  68
1362523563015 True 3 0.290909 0.820513 10077   647   7  39  55
1362523563985 True 3 0.609375 0.960000 11770     0   1  25  64
1362523564985 True 3 0.696629 0.592593 18616    56  11  27  89
1362523565985 True 3 0.203704 0.465116 18375    56  23  43  54
1362523567009 True 3 0.760000 0.083333 17922   246  11  12  50
1362523567968 True 3 1.000000 1.000000     0     0   0   0  55
1362523569068 True 3 0.661290 0.238095 15890   186  16  21  62
1362523570008 True 3 0.470588 0.296296 15250   152  19  27  51
1362523571006 True 3 0.948980 0.400000 14203    14   3   5  98
1362523571990 True 3 0.339623 0.114286 13764   185  31  35  53
1362523573038 True 2 0.876923 0.125000 13198     7   7   8  65
1362523574001 True 2 0.746032 0.000000 12006   269  16  16  63
1362523575020 True 2 0.921569 0.500000 11828    57   2   4  51
1362523576019 True 2 0.735849 0.428571 10811   160   8  14  53
1362523576995 True 2 0.794521 0.266667  9723    79  11  15  73
1362523578015 True 2 0.890411 0.000000  8920    26   8   8  73
1362523579003 True 3 1.000000 1.000000     0     0   0   0  51
1362523580016 True 3 0.769231 0.266667  7157   131  11  15  65
1362523580996 True 3 0.789474 0.250000  6183    66  12  16  76
1362523582017 True 3 1.000000 1.000000     0     0   0   0  48
1362523582992 True 3 1.000000 1.000000     0     0   0   0  52
1362523584021 True 3 0.530303 0.419355  3518    55  18  31  66
1362523584988 True 4 0.071429 0.076923  3116   172  48  52  56
1362523586024 True 4 0.019608 0.080000  2482   198  46  50  51
1362523587014 True 4 0.020000 0.938776  2718    19   3  49  50
1362523587993 True 2 0.131148 0.150943  1282   200  45  53  61
1362523589052 True 2 0.021277 0.065217   641   174  43  46  47
1362523589985 True 2 0.018868 0.038462    73    90  50  52  53
1362523591012 True 3 0.040816 0.085106    13    14  43  47  49
1362523591981 True 3 0.018868 0.038462    21    26  50  52  53
1362523593026 True 3 0.019608 0.100000    12     8  45  50  51
1362523594011 True 4 0.038462 0.080000    18    12  46  50  52
1362523595015 True 4 0.019231 0.333333    26    24  34  51  52
1362523596043 True 4 0.019608 0.020000    15    11  49  50  51
1362523597043 True 3 0.039216 0.122449    31    41  43  49  51
1362523598038 True 3 0.040000 0.020833    12    10  47  48  50
1362523599020 True 3 0.019231 0.019608    12    10  50  51  52
1362523600047 True 3 0.020000 0.061224    12    13  46  49  50
1362523601026 True 3 0.019608 0.000000    28    31  50  50  51
1362523602014 True 3 0.018519 0.132075    41    43  46  53  54
1362523603080 True 5 0.020000 0.040816    79    68  47  49  50
1362523604062 True 5 0.020000 0.040816    27    36  47  49  50
1362523605031 True 5 0.020408 0.000000    11    11  48  48  49
1362523606001 True 6 0.018519 0.018868    11    10  52  53  54
1362523607055 True 6 0.020408 0.020833    14    11  47  48  49
1362523608017 True 6 0.037736 0.039216    36    41  49  51  53
1362523609049 True 6 0.000000 0.020833    10     7  47  48  47
1362523610000 True 6 0.018868 0.000000    11     9  52  52  53
1362523611044 True 6 0.019608 0.020000    14    12  49  50  51
1362523612037 True 6 0.018519 0.018868    28    33  52  53  54
1362523613098 True 6 0.020408 0.041667    76    57  46  48  49
1362523614054 True 6 0.019608 0.000000    41    60  50  50  51
1362523615067 True 6 0.020000 0.081633    57    50  45  49  50
1362523616042 True 6 0.020000 0.040816    61    53  47  49  50
1362523617021 True 6 0.020000 0.081633    23    31  45  49  50
1362523618006 True 6 0.018868 0.096154    46    43  47  52  53
1362523619035 True 6 0.020000 0.000000    29    32  49  49  50
1362523620012 True 6 0.018519 0.075472    48    42  49  53  54
1362523621088 True 5 0.020833 0.170213   203    67  39  47  48
1362523622012 True 5 0.018519 0.094340    77    58  48  53  54
1362523623075 True 5 0.092593 0.387755   599   122  30  49  54
1362523624051 True 4 0.020000 0.000000   817   139  49  49  50
1362523625048 True 4 0.019231 0.000000   199   167  51  51  52
1362523626062 True 4 0.019608 0.000000    15    11  50  50  51
1362523627061 True 6 0.019608 0.000000    20    18  50  50  51
1362523628062 True 6 0.018182 0.000000    37    30  54  54  55
1362523629132 True 6 0.021277 0.000000    14    10  46  46  47
1362523630050 True 6 0.020408 0.000000    19    16  48  48  49
1362523631019 True 6 0.019231 0.000000   346   148  51  51  52
1362523632030 True 6 0.019608 0.000000   189    67  50  50  51
1362523633043 True 6 0.018868 0.000000    27    23  52  52  53
1362523634082 True 6 0.020833 0.000000    14    11  47  47  48
1362523635023 True 6 0.018519 0.000000    19    14  53  53  54
1362523636077 True 6 0.039216 0.000000   195   144  49  49  51
1362523637075 True 6 0.020408 0.000000   304   247  48  48  49
1362523638031 True 6 0.018868 0.000000   142   113  52  52  53
1362523639078 True 6 0.020000 0.000000    51    45  49  49  50
1362523640065 True 6 0.019608 0.000000    50    41  50  50  51
1362523641065 True 6 0.019608 0.000000    37    28  50  50  51
1362523642054 True 6 0.019608 0.000000    32    30  50  50  51
1362523643051 True 6 0.020000 0.000000    73    90  49  49  50
1362523644045 True 6 0.018182 0.000000    62    78  54  54  55
1362523645123 True 6 0.020833 0.000000    50    52  47  47  48
1362523646052 True 6 0.018182 0.000000    15    10  54  54  55
1362523647137 True 6 0.021739 0.000000    16    12  45  45  46
1362523648033 True 7 0.018182 0.000000    27    29  54  54  55
1362523649112 True 7 0.042553 0.000000    28    28  45  45  47
1362523650029 True 7 0.000000 0.018182    18    14  54  55  54
1362523651128 True 6 0.020000 0.000000    34    42  49  49  50
1362523652097 True 6 0.019231 0.000000    16    10  51  51  52
1362523653117 True 6 0.040816 0.000000    43    46  47  47  49
1362523654083 True 5 0.040816 0.000000   177   121  47  47  49
1362523655042 True 5 0.018868 0.000000   939   129  52  52  53
1362523656074 True 5 0.019231 0.000000   407   222  51  51  52
1362523657092 True 6 0.020833 0.000000    27    29  47  47  48
1362523658047 True 6 0.018519 0.000000   123    98  53  53  54
1362523659105 True 6 0.020408 0.000000    22    21  48  48  49
1362523660060 True 7 0.018519 0.000000    38    28  53  53  54
1362523661111 True 7 0.020408 0.000000    14    12  48  48  49
1362523662076 True 7 0.040000 0.000000    31    39  48  48  50
1362523663062 True 8 0.019608 0.000000    29    33  50  50  51
1362523664068 True 8 0.018868 0.000000    49    36  52  52  53
1362523665095 True 8 0.058824 0.000000   105    87  48  48  51
1362523666107 True 7 0.040000 0.000000    33    25  48  48  50
1362523667085 True 7 0.058824 0.000000   168    86  48  48  51
1362523668074 True 7 0.057692 0.000000   100   110  49  49  52
1362523669107 True 7 0.098039 0.000000   291    58  46  46  51
1362523670104 True 7 0.061224 0.000000   407   123  46  46  49
1362523671060 True 7 0.037736 0.000000   114   106  51  51  53
1362523672104 True 7 0.098039 0.000000   448   207  46  46  51
1362523673106 True 7 0.120000 0.068182  2034  1342  41  44  50
1362523674075 True 7 0.145455 0.148936  3710   152  40  47  55
1362523675158 True 5 0.040000 0.354167  4563  1025  31  48  50
1362523676135 True 5 0.140000 0.697674  6170   242  13  43  50
1362523677116 True 5 0.793103 0.166667  6600  1847  10  12  58
1362523678121 True 5 0.733333 0.000000 30160   106  20  20  75
1362523679063 True 5 0.019231 0.058824 29596   182  48  51  52
1362523680075 True 5 0.019231 0.000000 28966   317  51  51  52
1362523681101 True 3 0.020408 0.791667 28896   273  10  48  49
1362523682063 True 3 0.134615 0.000000 28337   248  45  45  52
1362523683073 True 3 0.900000 0.400000 27699    91   3   5  50
1362523684059 True 3 1.000000 1.000000     0     0   0   0  53
1362523685117 True 3 1.000000 1.000000     0     0   0   0  47
1362523686074 True 3 1.000000 1.000000     0     0   0   0  53
1362523687133 True 3 0.957447 0.000000 22919    18   4   4  94
1362523688117 True 3 0.943662 0.000000 22364    18   4   4  71
1362523689087 True 3 0.866667 0.000000 21360   381   8   8  60
1362523690115 True 3 0.948052 0.000000 20287    24   4   4  77
1362523691096 True 3 1.000000 1.000000     0     0   0   0  51
1362523692121 True 3 1.000000 1.000000     0     0   0   0  49
1362523693116 True 4 1.000000 1.000000     0     0   0   0  48
1362523694091 True 4 1.000000 1.000000     0     0   0   0  52
1362523695130 True 4 1.000000 1.000000     0     0   0   0  48
1362523696090 True 3 1.000000 1.000000     0     0   0   0  54
1362523697177 True 3 1.000000 1.000000     0     0   0   0  47
1362523698110 True 3 1.000000 1.000000     0     0   0   0  49
1362523699089 True 3 1.000000 1.000000     0     0   0   0  53
1362523700123 True 3 0.947368 0.000000 10404    13   4   4  76
1362523701182 True 3 1.000000 1.000000     0     0   0   0  45
1362523702082 True 3 0.939394 0.000000  8741    21   4   4  66
1362523703203 True 3 0.925926 0.000000  7649    25   4   4  54
1362523704095 True 3 0.934426 0.000000  6819    24   4   4  61
1362523705195 True 3 1.000000 1.000000     0     0   0   0  44
1362523706094 True 3 1.000000 1.000000     0     0   0   0  53
1362523707155 True 3 1.000000 1.000000     0     0   0   0  48
1362523708116 True 3 1.000000 1.000000     0     0   0   0  50
1362523709119 True 3 1.000000 1.000000     0     0   0   0  50
1362523710122 True 3 0.917526 0.000000    25    25   8   8  97
1362523711133 True 6 0.020000 0.040816    11    10  47  49  50
1362523712112 True 6 0.019231 0.000000     7     4  51  51  52
1362523713142 True 6 0.038462 0.080000     7     4  46  50  52
1362523714140 True 4 0.019608 0.040000     7     4  48  50  51
1362523715147 True 4 0.020000 0.040816    21    29  47  49  50
1362523716127 True 4 0.017857 0.072727    36    38  51  55  56
1362523717228 True 4 0.021277 0.108696    42    58  41  46  47
1362523718139 True 4 0.019231 0.000000    68    39  51  51  52
1362523719161 True 4 0.020000 0.040816    77    78  47  49  50
1362523720138 True 4 0.019608 0.100000    13     8  45  50  51
1362523721141 True 4 0.058824 0.437500   344    95  27  48  51
1362523722119 True 4 0.054545 0.173077   377   146  43  52  55
1362523723166 True 4 0.039216 0.346939    72    62  32  49  51
1362523724150 True 4 0.111111 0.562500   192    85  21  48  54
1362523725180 True 4 0.225806 0.625000   630   151  18  48  62
1362523726170 True 3 0.061224 0.565217   823   123  20  46  49
1362523727148 True 3 0.549020 1.000000     0     0   0  23  51
1362523728159 True 3 0.983871 0.000000 11168     0   1   1  62
1362523729207 True 2 1.000000 1.000000     0     0   0   0  47
1362523730159 True 2 1.000000 1.000000     0     0   0   0  50
1362523731160 True 2 1.000000 1.000000     0     0   0   0  48
1362523732134 True 3 1.000000 1.000000     0     0   0   0  51
1362523733167 True 3 1.000000 1.000000     0     0   0   0  47
1362523734121 True 3 1.000000 1.000000     0     0   0   0  51
1362523735135 True 2 1.000000 1.000000     0     0   0   0  48
1362523736106 True 2 1.000000 1.000000     0     0   0   0  53
1362523737175 True 2 1.000000 1.000000     0     0   0   0  48
1362523738135 True 3 1.000000 1.000000     0     0   0   0  54
1362523739205 True 3 1.000000 1.000000     0     0   0   0  46
1362523740128 True 3 1.000000 1.000000     0     0   0   0  54
1362523741212 True 3 1.000000 1.000000     0     0   0   0  48
1362523742155 True 3 1.000000 1.000000     0     0   0   0  49
1362523743135 False 0 1.000000 1.000000     0     0   0   0  50
1362523744114 False 0 1.000000 1.000000     0     0   0   0  52
1362523745125 False 0 0.662338 0.000000    65     6  26  26  77
1362523746145 True -1 0.019608 0.000000    66     8  50  50  51
1362523747140 True -1 0.039216 0.000000    71    10  49  49  51
1362523748129 True -1 0.000000 0.019608    83    30  50  51  50
1362523749145 True -1 0.019231 0.000000    81    14  51  51  52
1362523750165 True -1 0.020000 0.000000    64     8  49  49  50
1362523751134 True -1 0.019231 0.000000    63     5  51  51  52
1362523752162 True -1 0.019608 0.000000    63     6  50  50  51
1362523753150 True -1 0.019608 0.000000    64     6  50  50  51
1362523754153 True -1 0.018868 0.000000    64     5  52  52  53
1362523755205 True -1 0.019608 0.000000    62     5  50  50  51
1362523756196 True -1 0.020000 0.000000    62     4  49  49  50
1362523757187 True -1 0.019608 0.000000    61     5  50  50  51
1362523758186 True -1 0.020000 0.000000    62     5  49  49  50
1362523759163 True -1 0.078431 0.042553  1082  1471  45  47  51
1362523760165 True -1 0.472727 0.000000  4631   399  29  29  55
1362523761211 False -1 0.208333 0.236842  5731   423  29  38  48
1362523762156 False -1 0.318182 0.422222 14004  6545  26  45  66
1362523763203 False -1 0.254545 0.463415 26909  5327  22  41  55
1362523764151 False -1 0.036364 1.000000     0     0   0  53  55
1362523765255 True 4 0.955556 1.000000     0     0   0   2  45
1362523766164 True 4 0.568627 1.000000     0     0   0  22  51
1362523767189 True 4 0.530612 1.000000     0     0   0  23  49
1362523768162 True 4 0.942308 1.000000     0     0   0   3  52
1362523769207 True 5 0.419355 0.000000 36734   111  36  36  62
1362523770174 True 5 0.811321 0.000000 36505    56  10  10  53
1362523771212 True 5 0.857143 0.000000 35111   289   8   8  56
1362523772156 True 5 0.940476 0.000000 33929   148   5   5  84
1362523773188 True 5 0.862745 0.000000 33220   388   7   7  51
1362523774175 True 5 1.000000 1.000000     0     0   0   0  51
1362523775198 True 4 1.000000 1.000000     0     0   0   0  48
1362523776171 True 4 1.000000 1.000000     0     0   0   0  57
1362523777308 True 4 0.806452 0.000000 29087   115  12  12  62
1362523778195 True 4 0.777778 0.000000 28210   335  12  12  54
1362523779228 True 4 0.876923 0.000000 27083   242   8   8  65
1362523780159 True 4 0.671233 0.000000 26187   119  24  24  73
1362523781246 True 4 0.791667 0.000000 25427   345  10  10  48
1362523782188 True 4 0.830189 0.000000 24395   390   9   9  53
1362523783216 True 4 0.734694 0.000000 23294   188  13  13  49
1362523784187 True 5 1.000000 1.000000     0     0   0   0  51
1362523785211 True 5 0.927711 0.000000 21183   192   6   6  83
1362523786233 True 5 0.877551 0.000000 20535   284   6   6  49
1362523787192 True 4 0.792453 0.000000 19755   108  11  11  53
1362523788176 True 4 0.714286 0.000000 18468   275  16  16  56
1362523789216 True 4 0.883333 0.000000 17656   130   7   7  60
1362523790202 True 4 0.857143 0.000000 16714   288   8   8  56
1362523791258 True 4 0.945205 0.000000 15451    23   4   4  73
1362523792187 True 4 0.868852 0.000000 14688   224   8   8  61
1362523793199 True 2 0.857143 0.000000 13766   275   8   8  56
1362523794232 True 2 0.938462 0.000000 12755    25   4   4  65
1362523795214 True 2 1.000000 1.000000     0     0   0   0  48
1362523796177 True 2 1.000000 1.000000     0     0   0   0  54
1362523797263 True 2 1.000000 1.000000     0     0   0   0  48
1362523798235 True 2 1.000000 1.000000     0     0   0   0  50
1362523799243 True 3 0.957895 0.000000  7212    23   4   4  95
1362523800224 True 3 0.849057 0.000000  6648   465   8   8  53
1362523801238 True 3 0.949367 0.000000  5544    25   4   4  79
1362523802237 True 4 0.924528 0.000000  5048    23   4   4  53
1362523803220 True 4 1.000000 1.000000     0     0   0   0  48
1362523804196 True 4 1.000000 1.000000     0     0   0   0  53
1362523805245 True 4 0.835294 0.000000  1331    72  14  14  85
1362523806222 True 4 0.235294 0.000000   818   219  39  39  51
1362523807227 True 4 0.020000 0.000000   166   161  49  49  50
1362523808198 True 6 0.018182 0.000000    26    25  54  54  55
1362523809270 True 6 0.020000 0.000000    21    18  49  49  50
1362523810263 True 6 0.019608 0.000000    13     8  50  50  51
1362523811265 True 6 0.083333 0.000000    60    56  44  44  48
1362523812202 True 6 0.018519 0.000000    19    25  53  53  54
1362523813255 True 6 0.020000 0.000000    22    28  49  49  50
1362523814237 True 6 0.019608 0.020000    21    22  49  50  51
1362523815233 True 6 0.020408 0.000000   413   225  48  48  49
1362523816195 True 6 0.018519 0.000000   419    68  53  53  54
1362523817262 True 6 0.038462 0.000000    89    98  50  50  52
1362523818278 True 6 0.041667 0.021739   181   188  45  46  48
1362523819230 True 6 0.020408 0.020833    38    46  47  48  49
1362523820192 True 7 0.038462 0.000000    63    58  50  50  52
1362523821228 True 7 0.018182 0.055556    39    40  51  54  55
1362523822297 True 7 0.020833 0.000000    21    15  47  47  48
1362523823233 True 7 0.060000 0.000000    29    33  47  47  50
1362523824209 True 7 0.000000 0.018519    42    50  53  54  53
1362523825288 True 7 0.020408 0.000000    38    32  48  48  49
1362523826235 True 8 0.096154 0.000000   306   720  47  47  52
1362523827256 True 8 0.061224 0.000000  2324   129  46  46  49
1362523828209 True 8 0.000000 0.019231  2070    88  51  52  52
1362523829264 True 5 0.056604 0.000000  2004   201  50  50  53
1362523830290 True 5 0.040000 0.020833  2259   111  47  48  50
1362523831304 True 5 0.042553 0.000000  2119   270  45  45  47
1362523832213 True 6 0.148148 0.000000  3959   799  46  46  54
1362523833277 True 6 0.375000 0.000000  7701  1050  30  30  48
1362523834219 True 6 0.983871 0.000000 13042     0   1   1  62
1362523835248 True 4 0.980000 1.000000     0     0   0   1  50
1362523836253 True 4 1.000000 1.000000     0     0   0   0  50
1362523837270 True 4 1.000000 1.000000     0     0   0   0  48
1362523838240 True 5 1.000000 1.000000     0     0   0   0  51
1362523839262 True 5 1.000000 1.000000     0     0   0   0  47
1362523840215 True 5 1.000000 1.000000     0     0   0   0  52
1362523841272 True 4 1.000000 1.000000     0     0   0   0  50
1362523842278 True 4 1.000000 1.000000     0     0   0   0  49
1362523843257 True 4 1.000000 1.000000     0     0   0   0  48
1362523844224 True 3 1.000000 1.000000     0     0   0   0  52
1362523845265 True 3 1.000000 1.000000     0     0   0   0  49
1362523846246 True 3 1.000000 1.000000     0     0   0   0  51
1362523847281 True 2 1.000000 1.000000     0     0   0   0  49
1362523848258 True 2 1.000000 1.000000     0     0   0   0  54
1362523849337 True 2 1.000000 1.000000     0     0   0   0  46
1362523850260 True 3 1.000000 1.000000     0     0   0   0  49
1362523851250 True 3 1.000000 1.000000     0     0   0   0  50
1362523852248 True 3 1.000000 1.000000     0     0   0   0  52
1362523853281 True 3 1.000000 1.000000     0     0   0   0  49
1362523854266 True 3 1.000000 1.000000     0     0   0   0  53
1362523855324 True 3 1.000000 1.000000     0     0   0   0  45
1362523856219 True 2 1.000000 1.000000     0     0   0   0  52
1362523857256 True 2 1.000000 1.000000     0     0   0   0  49
1362523858240 True 2 1.000000 1.000000     0     0   0   0  52
1362523859276 True 2 1.000000 1.000000     0     0   0   0  49
1362523860252 True 2 1.000000 1.000000     0     0   0   0  53
1362523861295 True 2 1.000000 1.000000     0     0   0   0  48
1362523862256 True 2 1.000000 1.000000     0     0   0   0  54
1362523863313 True 2 1.000000 1.000000     0     0   0   0  47
1362523864252 False -1 1.000000 1.000000     0     0   0   0  52
1362523865258 True 5 0.741176 0.000000    14    10  22  22  85
1362523866296 True 5 0.020000 0.000000    48    44  49  49  50
1362523867276 True 5 0.019608 0.000000   148    48  50  50  51
1362523868271 True 6 0.019231 0.000000   245   110  51  51  52
1362523869302 True 6 0.163265 0.000000  1319   750  41  41  49
1362523870268 True 6 0.056604 0.000000  1815   110  50  50  53
1362523871307 True 3 0.080000 0.000000  1567   165  46  46  50
1362523872281 True 3 0.078431 0.000000  1707   354  47  47  51
1362523873285 True 3 0.148148 0.000000  3934   107  46  46  54
1362523874269 True 4 0.078431 0.021277  4010   265  46  47  51
1362523875290 True 4 0.180000 0.000000  6433   438  41  41  50
1362523876267 True 4 0.072727 0.000000  6960   702  51  51  55
1362523877336 True 5 0.020000 0.000000  9097   298  49  49  50
1362523878316 True 5 0.229167 0.000000  9632   605  37  37  48
1362523879262 True 5 0.625000 0.047619 19102  1620  20  21  56
1362523880293 True 4 0.870130 0.000000 18750   171  10  10  77
1362523881319 True 4 0.708333 0.000000 17885   222  14  14  48
1362523882269 True 4 0.592105 0.032258 16934   123  30  31  76
1362523883311 True 5 0.265306 0.000000 16402   176  36  36  49
1362523884281 True 5 0.929577 0.000000 15457    22   5   5  71
1362523885292 True 5 0.625000 0.000000 14366   305  21  21  56
1362523886327 True 6 0.845238 0.000000 13129    82  13  13  84
1362523887299 True 6 0.040000 0.062500 12559   251  45  48  50
1362523888274 True 6 0.851852 0.000000 11312   145  12  12  81
1362523889310 True 4 0.777778 0.000000 10868   102  12  12  54
1362523890311 True 4 0.954023 0.250000  9370    18   3   4  87
1362523891273 True 4 0.968750 0.000000  8259    11   3   3  96
1362523892261 True 3 0.905660 0.000000  7490   415   5   5  53
1362523893308 True 3 0.954023 0.000000  6466    25   4   4  87
1362523894317 True 3 0.952381 0.000000  5476    21   4   4  84
1362523895291 True 3 1.000000 1.000000     0     0   0   0  50
1362523896291 True 3 1.000000 1.000000     0     0   0   0  52
1362523897331 True 3 1.000000 1.000000     0     0   0   0  47
1362523898290 True 3 1.000000 1.000000     0     0   0   0  52
1362523899328 True 3 0.129630 0.042553   747   227  45  47  54
1362523900314 True 3 0.019608 0.020000    99   114  49  50  51
1362523901323 True 3 0.040816 0.148936    12     7  40  47  49
1362523902288 True 3 0.018519 0.056604    16    24  50  53  54
1362523903337 True 3 0.020408 0.187500    72    91  39  48  49
1362523904304 True 3 0.019231 0.098039    42    50  46  51  52
1362523905325 True 3 0.019231 0.078431    31    34  47  51  52
1362523906330 True 3 0.019608 0.000000    10     5  50  50  51
1362523907342 True 4 0.021277 0.000000    10     5  46  46  47
1362523908255 True 4 0.017857 0.127273    17    17  48  55  56
1362523909357 True 4 0.039216 0.102041    20    22  44  49  51
1362523910361 True 5 0.040816 0.106383    12     6  42  47  49
1362523911309 True 5 0.020000 0.183673   100    81  40  49  50
1362523912312 True 5 0.094340 0.416667   224   130  28  48  53
1362523913357 True 2 0.163636 0.500000   281    53  23  46  55
1362523914356 True 2 0.352941 0.363636   509    69  21  33  51
1362523915323 True 2 0.019608 0.140000  2221   171  43  50  51
1362523916327 True 1 0.019231 0.039216  1469   254  49  51  52
1362523917337 True 1 0.039216 0.040816   791   131  47  49  51
1362523918329 True 1 0.000000 0.056604   296   175  50  53  52
1362523919376 True 4 0.020833 0.063830    68    43  44  47  48
1362523920321 True 4 0.019231 0.039216    15    17  49  51  52
1362523921339 True 4 0.019231 0.058824     8     5  48  51  52
1362523922352 True 4 0.019231 0.000000    12    14  51  51  52
1362523923374 True 3 0.063830 0.068182    45    52  41  44  47
1362523924298 True 3 0.018868 0.076923    16    14  48  52  53
1362523925332 True 3 0.061224 0.108696    74    66  41  46  49
1362523926307 True 3 0.018519 0.000000    69    93  53  53  54
1362523927350 True 3 0.020000 0.081633    46    38  45  49  50
1362523928334 True 3 0.039216 0.081633   104    89  45  49  51
1362523929341 True 2 0.019231 0.098039   363   226  46  51  52
1362523930360 True 2 0.020408 0.000000    48    47  48  48  49
1362523931328 True 2 0.019231 0.019608    20    27  50  51  52
1362523932335 True 4 0.019608 0.000000     7     3  50  50  51
1362523933345 True 4 0.018868 0.000000    26    34  52  52  53
1362523934402 True 4 0.018519 0.000000    22    27  53  53  54
1362523935441 True 4 0.021739 0.000000    21    24  45  45  46
1362523936343 True 4 0.039216 0.000000   225   635  49  49  51
1362523937329 True 4 0.000000 0.037736  1543   284  51  53  52
1362523938378 True 4 0.057692 0.428571   850   170  28  49  52
1362523939390 True 4 0.115385 0.152174   950   187  39  46  52
1362523940350 True 4 0.142857 0.166667   662   207  35  42  49
1362523941320 True 3 0.115385 0.195652   778    93  37  46  52
1362523942341 True 3 0.137255 0.250000   655   133  33  44  51
1362523943345 True 3 0.627451 0.368421  3203  1249  12  19  51
1362523944344 True 3 0.849057 0.125000  6339    45   7   8  53
1362523945344 True 3 0.736842 0.650000 16333    57   7  20  76
1362523946375 True 3 0.606061 0.653846 21917   372   9  26  66
1362523947359 True 3 0.677419 0.350000 26160   494  13  20  62
1362523948331 True 3 0.377358 0.575758 27800   672  14  33  53
1362523949384 True 3 0.820000 0.666667 28570   186   3   9  50
1362523950366 True 3 0.938776 1.000000     0     0   0   3  49
1362523951365 True 3 1.000000 1.000000     0     0   0   0  49
1362523952357 True 3 1.000000 1.000000     0     0   0   0  51
1362523953381 True 3 1.000000 1.000000     0     0   0   0  49
1362523954376 True 3 1.000000 1.000000     0     0   0   0  49
1362523955368 True 3 1.000000 1.000000     0     0   0   0  49
1362523956355 True 3 1.000000 1.000000     0     0   0   0  50
1362523957369 True 3 1.000000 1.000000     0     0   0   0  53
1362523958429 True 3 1.000000 1.000000     0     0   0   0  49
1362523959406 True 2 1.000000 1.000000     0     0   0   0  48
1362523960371 True 2 1.000000 1.000000     0     0   0   0  49
1362523961352 True 2 1.000000 1.000000     0     0   0   0  53
1362523962407 True 2 1.000000 1.000000     0     0   0   0  49
1362523963397 True 2 1.000000 1.000000     0     0   0   0  48
1362523964352 True 2 1.000000 1.000000     0     0   0   0  51
1362523965371 True 1 1.000000 1.000000     0     0   0   0  51
1362523966401 True 1 1.000000 1.000000     0     0   0   0  47
1362523967343 True 1 1.000000 1.000000     0     0   0   0  52
1362523968374 True 1 1.000000 1.000000     0     0   0   0  49
1362523969361 True 1 1.000000 1.000000     0     0   0   0  49
1362523970346 True 1 1.000000 1.000000     0     0   0   0  51
1362523971354 True 1 1.000000 1.000000     0     0   0   0  50
1362523972353 True 1 1.000000 1.000000     0     0   0   0  55
1362523973430 True 1 1.000000 1.000000     0     0   0   0  49
1362523974394 True 1 1.000000 1.000000     0     0   0   0  51
1362523975396 True 1 1.000000 1.000000     0     0   0   0  51
1362523976400 True 1 0.770115 0.500000  3631    77  10  20  87
1362523977431 True 2 0.560000 0.636364  3781   562   8  22  50
1362523978419 True 2 0.115385 0.000000  8532    62  46  46  52
1362523979392 True 2 0.040000 0.000000  8140   139  48  48  50
1362523980379 True 2 0.019231 0.000000  7537   207  51  51  52
1362523981391 True 2 0.037736 0.019608  7030    83  50  51  53
1362523982432 True 2 0.040816 0.191489  7018    71  38  47  49
1362523983398 True 1 0.839286 0.555556  6783    39   4   9  56
1362523984397 True 1 1.000000 1.000000     0     0   0   0  50
1362523985408 True 1 1.000000 1.000000     0     0   0   0  50
1362523986407 True 1 0.575758 0.000000  3462   207  28  28  66
1362523987434 True 1 0.061224 0.391304  2622   233  28  46  49
1362523988401 True 1 0.060000 0.148936  1898   196  40  47  50
1362523989365 True 6 0.018182 0.000000  1364   122  54  54  55
1362523990433 True 6 0.020833 0.000000   829   142  47  47  48
1362523991387 True 6 0.019231 0.000000   194   174  51  51  52
1362523992400 True 7 0.019608 0.000000    12     7  50  50  51
1362523993405 True 7 0.018868 0.000000    42    49  52  52  53
1362523994448 True 7 0.020000 0.000000    25    20  49  49  50
1362523995416 True 6 0.020000 0.000000    12     6  49  49  50
1362523996393 True 6 0.019231 0.000000    30    41  51  51  52
1362523997414 True 6 0.019231 0.000000    32    34  51  51  52
1362523998435 True 6 0.019231 0.000000    11     6  51  51  52
1362523999463 True 6 0.020833 0.000000     9     4  47  47  48
1362524000402 True 6 0.019608 0.000000    12    10  50  50  51
1362524001407 True 8 0.019231 0.000000    26    28  51  51  52
1362524002416 True 8 0.019231 0.000000    12     8  51  51  52
1362524003432 True 8 0.019608 0.000000    46    17  50  50  51
1362524004435 True 8 0.020000 0.040816    51    15  47  49  50
1362524005421 True 8 0.019231 0.098039   155    86  46  51  52
1362524006447 True 8 0.020408 0.000000    86    50  48  48  49
1362524007404 True 6 0.019608 0.000000    48    16  50  50  51
1362524008401 True 6 0.038462 0.020000    70    29  49  50  52
1362524009412 True 6 0.018868 0.000000    60    24  52  52  53
1362524010462 True 8 0.020408 0.000000    35    21  48  48  49
1362524011420 True 8 0.019231 0.000000    41    11  51  51  52
1362524012443 True 8 0.019608 0.000000    64    25  50  50  51
1362524013439 True 8 0.020000 0.000000    83    39  49  49  50
1362524014415 True 8 0.020000 0.000000   128    96  49  49  50
1362524015397 True 8 0.057692 0.000000   153    28  49  49  52
1362524016403 True 5 0.018519 0.037736   191    23  51  53  54
1362524017451 True 5 0.021277 0.000000   106    21  46  46  47
1362524018386 True 5 0.038462 0.000000   120    27  50  50  52
1362524019406 True 7 0.018519 0.000000   100    49  53  53  54
1362524020459 True 7 0.019608 0.020000   171    51  49  50  51
1362524021461 True 7 0.040000 0.020833   183   108  47  48  50
1362524022447 True 6 0.019231 0.000000    78    26  51  51  52
1362524023460 True 6 0.020833 0.000000   224   102  47  47  48
1362524024394 True 6 0.109091 0.000000   665   145  49  49  55
1362524025449 True 4 0.039216 0.020408  1534   581  48  49  51
1362524026486 True 4 0.140000 0.023256  2889   344  42  43  50
1362524027453 True 4 0.450980 0.000000  4837  2219  28  28  51
1362524028460 True 6 1.000000 1.000000     0     0   0   0  50
1362524029469 True 6 1.000000 1.000000     0     0   0   0  46
1362524030396 True 6 1.000000 1.000000     0     0   0   0  53
1362524031470 True 6 1.000000 1.000000     0     0   0   0  47
1362524032429 True 6 1.000000 1.000000     0     0   0   0  51
1362524033462 True 6 1.000000 1.000000     0     0   0   0  47
1362524034412 True 4 1.000000 1.000000     0     0   0   0  53
1362524035490 True 4 1.000000 1.000000     0     0   0   0  45
1362524036397 True 4 1.000000 1.000000     0     0   0   0  54
1362524037488 True 4 1.000000 1.000000     0     0   0   0  47
1362524038444 True 4 1.000000 1.000000     0     0   0   0  52
1362524039494 True 4 1.000000 1.000000     0     0   0   0  47
1362524040436 True 3 1.000000 1.000000     0     0   0   0  49
1362524041430 True 3 1.000000 1.000000     0     0   0   0  50
1362524042444 True 3 1.000000 1.000000     0     0   0   0  52
1362524043490 True 3 1.000000 1.000000     0     0   0   0  47
1362524044442 True 3 1.000000 1.000000     0     0   0   0  53
1362524045500 True 3 1.000000 1.000000     0     0   0   0  47
1362524046443 True 2 1.000000 1.000000     0     0   0   0  50
1362524047456 True 2 1.000000 1.000000     0     0   0   0  47
1362524048399 True 2 1.000000 1.000000     0     0   0   0  56
1362524049524 True 2 1.000000 1.000000     0     0   0   0  46
1362524050447 True 2 1.000000 1.000000     0     0   0   0  49
1362524051434 True 2 1.000000 1.000000     0     0   0   0  50
1362524052441 True 4 1.000000 1.000000     0     0   0   0  53
1362524053510 True 4 1.000000 1.000000     0     0   0   0  48
1362524054468 True 4 1.000000 1.000000     0     0   0   0  50
1362524055477 True 2 1.000000 1.000000     0     0   0   0  48
1362524056445 True 2 1.000000 1.000000     0     0   0   0  54
1362524057523 True 2 1.000000 1.000000     0     0   0   0  46
1362524058445 True 2 1.000000 1.000000     0     0   0   0  52
1362524059486 True 2 1.000000 1.000000     0     0   0   0  47
1362524060430 True 2 1.000000 1.000000     0     0   0   0  51
1362524061447 True 2 1.000000 1.000000     0     0   0   0  50
1362524062444 True 2 1.000000 1.000000     0     0   0   0  50
1362524063445 True 2 1.000000 1.000000     0     0   0   0  52
1362524064475 True 2 1.000000 1.000000     0     0   0   0  51
1362524065489 True 2 1.000000 1.000000     0     0   0   0  49
1362524066457 True 2 1.000000 1.000000     0     0   0   0  51
1362524067478 True 2 1.000000 1.000000     0     0   0   0  49
1362524068460 True 2 1.000000 1.000000     0     0   0   0  52
1362524069498 True 2 1.000000 1.000000     0     0   0   0  49
1362524070476 True 2 1.000000 1.000000     0     0   0   0  51
1362524071483 True 2 1.000000 1.000000     0     0   0   0  47
1362524072420 True 2 1.000000 1.000000     0     0   0   0  53
1362524073474 True 2 1.000000 1.000000     0     0   0   0  51
1362524074480 True 2 1.000000 1.000000     0     0   0   0  52
1362524075498 True 2 1.000000 1.000000     0     0   0   0  49
1362524076473 True 2 1.000000 1.000000     0     0   0   0  52
1362524077493 True 2 1.000000 1.000000     0     0   0   0  51
1362524078486 True 2 1.000000 1.000000     0     0   0   0  53
1362524079517 True 4 1.000000 1.000000     0     0   0   0  49
1362524080468 True 4 1.000000 1.000000     0     0   0   0  56
1362524081567 True 4 0.800000 0.000000     6     3  16  16  80
1362524082501 True 5 0.020408 0.020833    10    17  47  48  49
1362524083466 True 5 0.019608 0.020000    55    38  49  50  51
1362524084466 True 5 0.017857 0.054545    37    46  52  55  56
1362524085555 True 4 0.021739 0.044444     6     3  43  45  46
1362524086459 True 4 0.019231 0.039216     6     4  49  51  52
1362524087471 True 4 0.019608 0.080000    15    25  46  50  51
1362524088484 True 6 0.018868 0.000000     5     2  52  52  53
1362524089519 True 6 0.020408 0.000000     6     1  48  48  49
1362524090472 True 6 0.037736 0.058824     7     5  48  51  53
1362524091523 True 5 0.040000 0.000000     6     3  48  48  50
1362524092490 True 5 0.020000 0.061224     6     2  46  49  50
1362524093485 True 5 0.019608 0.080000    54    37  46  50  51
1362524094477 True 5 0.018868 0.211538    80    61  41  52  53
1362524095521 True 5 0.061224 0.086957   185    93  42  46  49
1362524096441 True 5 0.037736 0.117647    39    44  45  51  53
1362524097471 True 4 0.056604 0.300000   194   123  35  50  53
1362524098525 True 4 0.020408 0.104167   200   157  43  48  49
1362524099471 True 4 0.107143 0.420000    93    54  29  50  56
1362524100501 True 3 0.055556 0.274510    35    43  37  51  54
1362524101549 True 3 0.000000 0.478261    57    81  24  46  46
1362524102488 True 3 0.352113 0.695652   479    50  14  46  71
1362524103497 True 2 0.040000 0.645833   390    86  17  48  50
1362524104457 True 2 0.018182 0.333333   281   183  36  54  55
1362524105532 True 2 0.061224 0.369565   203   120  29  46  49
1362524106494 True 2 0.056604 0.380000   185   163  31  50  53
1362524107547 True 2 0.100000 0.688889   851    82  14  45  50
1362524108497 True 2 0.471429 0.972973  1857     0   1  37  70
1362524109543 True 3 0.250000 0.738095  3139   197  11  42  56
1362524110512 True 3 0.129630 0.595745  3218    64  19  47  54
1362524111556 True 3 0.415094 0.806452  3747   628   6  31  53
1362524112605 True 2 0.587500 0.939394  4674    12   2  33  80
1362524113546 True 2 0.344828 0.078947  8024    87  35  38  58
1362524114514 True 2 0.019608 0.140000  7725   303  43  50  51
1362524115522 True 3 0.264706 0.300000  7567   177  35  50  68
1362524116532 True 3 0.020833 0.042553  6916   202  45  47  48
1362524117488 True 3 0.192308 0.142857  6273   172  36  42  52
1362524118499 True 3 1.000000 1.000000     0     0   0   0  50
1362524119510 True 3 1.000000 1.000000     0     0   0   0  50
1362524120506 True 3 1.000000 1.000000     0     0   0   0  51
1362524121532 True 3 0.990196 0.000000  1766     0   1   1 102
1362524122537 True 3 0.020408 0.145833  1438   172  41  48  49
1362524123506 True 3 0.057692 0.142857  1431   211  42  49  52
1362524124511 True 3 0.080000 0.456522  1202    86  25  46  50
1362524125507 True 3 0.037736 0.156863   905    88  43  51  53
1362524126540 True 3 0.100000 0.266667   774    67  33  45  50
1362524127525 True 2 0.156863 0.232558   867   103  33  43  51
1362524128515 True 2 0.096154 0.170213   668    96  39  47  52
1362524129540 True 2 0.500000 0.551724   958   392  13  29  58
1362524130514 True 2 0.019231 0.196078  2005   229  41  51  52
1362524131541 True 2 0.040816 0.106383  2014   138  42  47  49
1362524132494 True 2 0.090909 0.040000  1357   196  48  50  55
1362524133546 True 5 0.061224 0.108696   766   135  41  46  49
1362524134501 True 5 0.037037 0.115385   276   159  46  52  54
1362524135554 True 5 0.058824 0.125000    15    12  42  48  51
1362524136522 True 3 0.074074 0.120000    41    41  44  50  54
1362524137569 True 3 0.000000 0.130435    45    44  40  46  46
1362524138503 True 3 0.018519 0.188679    15    15  43  53  54
1362524139568 True 3 0.040000 0.062500    31    40  45  48  50
1362524140530 True 3 0.038462 0.040000    74    77  48  50  52
1362524141557 True 3 0.040000 0.104167    35    37  43  48  50
1362524142530 True 2 0.206897 0.369565   118    74  29  46  58
1362524143548 True 2 0.038462 0.060000    51    48  47  50  52
1362524144564 True 2 0.142857 0.166667   140   179  35  42  49
1362524145513 True 2 0.306667 0.250000   164   130  39  52  75
1362524146936 True 2 0.700000 1.000000     0     0   0  15  50
1362524147944 True 2 1.000000 1.000000     0     0   0   0  50
1362524148943 True 1 1.000000 1.000000     0     0   0   0  49
1362524149936 True 1 1.000000 1.000000     0     0   0   0  50
1362524150949 True 1 1.000000 1.000000     0     0   0   0  51
