1362524224561 True -1 0.000000 0.000000   138    23  28  28  28
1362524225120 True -1 0.000000 0.000000   104    17  51  51  51
1362524226130 True -1 0.000000 0.000000   131    15  49  49  49
1362524227106 True -1 0.000000 0.000000    59     9  51  51  51
1362524228135 True -1 0.000000 0.000000    61     6  52  52  52
1362524229174 True -1 0.000000 0.000000    58     6  48  48  48
1362524230128 True -1 0.000000 0.000000    66     8  50  50  50
1362524231130 True -1 0.000000 0.000000    60     6  50  50  50
1362524232140 True -1 0.018868 0.000000    62     7  52  52  53
1362524233185 True -1 0.021739 0.066667    51    19  42  45  46
1362524234120 True -1 0.018519 0.037736    42    31  51  53  54
1362524235201 True 6 0.000000 0.100000    37    53  45  50  50
1362524236193 True 6 0.000000 0.229167    38    46  37  48  48
1362524237147 True 3 0.020000 0.163265    21    16  41  49  50
1362524238157 True 3 0.000000 0.078431    27    22  47  51  51
1362524239180 True 3 0.000000 0.041667    13     6  46  48  48
1362524240144 True 4 0.018519 0.132075    13    12  46  53  54
1362524241219 True 4 0.133333 0.025641    10     5  38  39  45
1362524242113 True 4 0.000000 0.039216    16    10  49  51  51
1362524243141 True 4 0.000000 0.122449    18    28  43  49  49
1362524244122 True 4 0.018519 0.132075    82    39  46  53  54
1362524245193 True 4 0.000000 0.148936    72    95  40  47  47
1362524246127 True 5 0.019231 0.058824    29    29  48  51  52
1362524247169 True 5 0.000000 0.085106    72    84  43  47  47
1362524248111 True 5 0.000000 0.054545   200   140  52  55  55
1362524249214 True 5 0.021739 0.111111   357   120  40  45  46
1362524250125 True 5 0.000000 0.588235   284    72  21  51  50
1362524251144 True 5 0.020000 0.244898    43    43  37  49  50
1362524252140 True 4 0.018182 0.314815    61    44  37  54  55
1362524253229 True 4 0.021739 0.488889   117    97  23  45  46
1362524254154 True 4 0.100000 0.644444   315   116  16  45  50
1362524255162 True 3 0.100000 0.800000   243    48   9  45  50
1362524256156 True 3 0.078431 0.340426   281   132  31  47  51
1362524257179 True 3 0.187500 0.589744   630   320  16  39  48
1362524258134 True 3 0.058824 0.187500  3591   502  39  48  51
1362524259161 True 3 0.000000 0.020000  2821   279  49  50  50
1362524260151 True 3 0.000000 0.000000  1871   271  49  49  49
1362524261139 True 3 0.019231 0.431373  1356   361  29  51  52
1362524262173 True 3 0.000000 0.061224  1122   256  46  49  49
1362524263147 True 3 0.000000 0.040000   299   213  48  50  50
1362524264157 True 6 0.000000 0.018868     7     4  52  53  53
1362524265208 True 6 0.000000 0.111111    28    33  40  45  45
1362524266110 True 6 0.000000 0.096154    89    52  47  52  52
1362524267157 True 5 0.081633 0.111111    24    28  40  45  49
1362524268131 True 5 0.019608 0.220000    16    10  39  50  51
1362524269148 True 5 0.019608 0.380000    35    35  31  50  51
1362524270175 True 5 0.000000 0.208333    17    14  38  48  48
1362524271145 True 5 0.000000 0.431373    21    17  29  51  51
1362524272158 True 5 0.018519 0.433962    48    58  30  53  54
1362524273237 True 5 0.000000 0.326087   104   125  31  46  46
1362524274163 True 5 0.019608 0.840000  1115   387   8  50  51
1362524275171 True 5 0.020408 0.708333  1722    74  14  48  49
1362524276151 True 4 0.076923 0.645833  1800   264  17  48  52
1362524277195 True 4 0.041667 0.608696  2878   163  18  46  48
1362524278164 True 4 0.058824 0.729167  2925    28  13  48  51
1362524279181 True 3 0.098039 0.760870  3020    87  11  46  51
1362524280199 True 3 0.160000 0.142857  7479   465  36  42  50
1362524281195 True 3 0.100000 0.000000  6873   211  45  45  50
1362524282192 True 3 0.019608 0.240000  6362   141  38  50  51
1362524283206 True 3 0.000000 0.065217  6313   215  43  46  46
1362524284137 True 3 0.018519 0.849057  6794    67   8  53  54
1362524285211 True 3 0.729167 1.000000     0     0   0  13  48
1362524286173 True 3 1.000000 1.000000     0     0   0   0  52
1362524287228 True 3 1.000000 1.000000     0     0   0   0  48
1362524288174 True 3 0.372549 0.000000  3427   143  32  32  51
1362524289191 True 3 1.000000 1.000000     0     0   0   0  49
1362524290173 True 3 1.000000 1.000000     0     0   0   0  49
1362524291163 True 4 0.901961 0.000000    25    23   5   5  51
1362524292167 True 4 0.000000 0.039216    21    28  49  51  51
1362524293198 True 4 0.020408 0.083333   215   165  44  48  49
1362524294182 True 3 0.056604 0.120000    43    42  44  50  53
1362524295237 True 3 0.021277 0.260870    22    21  34  46  47
1362524296166 True 3 0.137255 0.840909   251   255   7  44  51
1362524297204 True 2 0.204082 0.820513  2242   374   7  39  49
1362524298182 True 2 0.444444 0.900000  6939   429   3  30  54
1362524299246 True 2 0.234043 0.333333  8959   808  24  36  47
1362524300192 True 3 0.921569 1.000000     0     0   0   4  51
1362524301224 True 3 1.000000 1.000000     0     0   0   0  48
1362524302183 True 3 1.000000 1.000000     0     0   0   0  51
1362524303203 True 2 1.000000 1.000000     0     0   0   0  49
1362524304188 True 2 1.000000 1.000000     0     0   0   0  52
1362524305229 True 2 1.000000 1.000000     0     0   0   0  48
1362524306195 True 5 1.000000 1.000000     0     0   0   0  53
1362524307262 True 5 1.000000 1.000000     0     0   0   0  47
1362524308205 True 5 1.000000 1.000000     0     0   0   0  50
1362524309213 True 3 1.000000 1.000000     0     0   0   0  48
1362524310166 True 3 1.000000 1.000000     0     0   0   0  54
1362524311238 True 3 1.000000 1.000000     0     0   0   0  45
1362524312136 False 0 1.000000 1.000000     0     0   0   0  52
1362524313167 False 0 0.981818 0.000000    88     0   1   1  55
1362524314247 False -1 0.000000 0.000000    65     6  51  51  51
1362524315277 True -1 0.021277 0.000000    66     8  46  46  47
1362524316206 True -1 0.000000 0.020000    63     7  49  50  49
1362524317188 True -1 0.000000 0.000000    64     6  50  50  50
1362524318200 True -1 0.000000 0.000000    64     6  50  50  50
1362524319200 True -1 0.000000 0.000000    62     6  48  48  48
1362524320165 True -1 0.000000 0.000000    63     6  54  54  54
1362524321244 True -1 0.000000 0.000000    65     7  49  49  49
1362524322213 True -1 0.000000 0.000000    63     6  53  53  53
1362524323277 True -1 0.000000 0.000000    63     7  46  46  46
1362524324198 True -1 0.000000 0.000000    66     6  53  53  53
1362524325247 True -1 0.000000 0.000000    78     9  47  47  47
1362524326196 True -1 0.000000 0.000000    68     5  52  52  52
1362524327235 True -1 0.000000 0.000000    68     5  48  48  48
1362524328188 True -1 0.000000 0.000000    68     6  50  50  50
1362524329200 True -1 0.000000 0.000000    67     4  49  49  49
1362524330185 True -1 0.000000 0.000000    67     4  53  53  53
1362524331234 True -1 0.000000 0.000000    68     6  49  49  49
1362524332215 True -1 0.000000 0.000000    68     5  50  50  50
1362524333212 True -1 0.000000 0.000000    70     6  50  50  50
1362524334225 True -1 0.113208 0.085106   118   105  43  47  53
1362524335274 True -1 0.000000 0.021277    64    75  46  47  47
1362524336220 True 2 0.166667 0.044444   183   144  43  45  54
1362524337303 True 2 0.000000 0.021739   251   114  45  46  46
1362524338210 True 3 0.054545 0.000000   615   205  52  52  55
1362524339315 True 3 0.000000 0.000000   144   117  49  49  49
1362524340287 True 3 0.000000 0.000000    52    29  48  48  48
1362524341262 True 5 0.000000 0.041667    60    39  46  48  48
1362524342224 True 5 0.156863 0.162791   273   107  36  43  51
1362524343236 True 5 0.000000 0.000000    88    54  51  51  51
1362524344259 True 5 0.061224 0.391304   213    73  28  46  49
1362524345229 True 5 0.000000 0.020408    28    31  48  49  49
1362524346209 True 5 0.140000 0.046512   365   360  41  43  50
1362524347224 True 4 0.037736 0.039216   380   257  49  51  53
1362524348266 True 4 0.000000 0.080000   962   200  46  50  49
1362524349257 True 4 0.018868 0.000000   176   192  52  52  53
1362524350305 True 3 0.000000 0.041667    58    45  46  48  47
1362524351253 True 3 0.021277 0.043478   115    91  44  46  47
1362524352191 True 3 0.000000 0.019608    60    60  50  51  51
1362524353221 True 5 0.020000 0.000000    75    89  49  49  50
1362524354225 True 5 0.076923 0.041667   159    96  46  48  52
1362524355252 True 5 0.000000 0.020408    39    35  48  49  49
1362524356243 True 5 0.098039 0.021739    85    78  45  46  51
1362524357259 True 5 0.000000 0.020833    64    80  47  48  48
1362524358214 True 5 0.000000 0.035088    52    60  55  57  57
1362524359348 True 5 0.023810 0.121951    81    54  36  41  42
1362524360198 True 5 0.000000 0.035088    57    68  55  57  57
1362524361341 True 5 0.130435 0.225000  2089  1028  31  40  46
1362524362249 True 4 0.320000 0.382353  2979   334  21  34  50
1362524363258 True 4 0.600000 0.850000  4011     7   3  20  50
1362524364258 True 4 0.730769 0.000000 10873    39  14  14  52
1362524365287 True 3 0.000000 0.000000 10706   110  46  46  46
1362524366210 True 3 0.000000 0.607843 10002   339  20  51  51
1362524367230 True 3 0.000000 0.061224  9098   207  46  49  49
1362524368212 True 2 0.000000 0.000000  8325   234  53  53  53
1362524369266 True 2 0.937500 0.000000  7920    18   3   3  48
1362524370244 True 2 0.692308 0.000000  6422   140  16  16  52
1362524371273 True 1 0.659574 0.000000  5682   252  16  16  47
1362524372218 True 1 0.846154 0.000000  4993   138   8   8  52
1362524373249 True 1 1.000000 1.000000     0     0   0   0  48
1362524374216 True 1 1.000000 1.000000     0     0   0   0  51
1362524375243 True 1 0.519231 0.000000  1504   123  25  25  52
1362524376279 True 1 0.000000 0.000000   923   235  49  49  49
1362524377260 True 6 0.000000 0.000000   186   177  50  50  50
1362524378264 True 6 0.000000 0.000000    24    26  50  50  50
1362524379262 True 6 0.000000 0.020000    48    60  49  50  50
1362524380251 True 6 0.000000 0.000000    28    21  49  49  49
1362524381243 True 6 0.000000 0.078431   157   143  47  51  51
1362524382257 True 6 0.000000 0.019608   109    36  50  51  51
1362524383268 True 7 0.000000 0.000000    27    26  49  49  49
1362524384257 True 7 0.000000 0.000000    13    14  52  52  52
1362524385297 True 7 0.000000 0.000000    21    26  49  49  49
1362524386277 True 7 0.019608 0.040000    78    43  48  50  51
1362524387292 True 7 0.000000 0.000000    21    27  47  47  47
1362524388234 True 7 0.000000 0.000000     9     6  54  54  54
1362524389317 True 7 0.000000 0.000000    24    19  47  47  47
1362524390253 True 7 0.000000 0.019231    84    53  51  52  52
1362524391295 True 7 0.000000 0.020000    75    69  49  50  50
1362524392298 True 7 0.000000 0.000000    44    20  50  50  50
1362524393303 True 7 0.000000 0.000000    78    31  48  48  48
1362524394262 True 7 0.000000 0.000000    86    48  54  54  54
1362524395330 True 8 0.000000 0.000000    51    17  49  49  49
1362524396311 True 8 0.000000 0.000000   116    53  51  51  51
1362524397344 True 8 0.000000 0.000000   401   324  47  47  47
1362524398280 True 7 0.020000 0.000000   513   101  49  49  50
1362524399278 True 7 0.000000 0.000000  1034   439  50  50  50
1362524400274 True 7 0.020408 0.000000  1629   231  48  48  49
1362524401254 True 5 0.000000 0.000000  1469    59  50  50  50
1362524402251 True 5 0.078431 0.000000  3248   925  47  47  51
1362524403273 True 5 0.058824 0.000000  4935   330  48  48  51
1362524404296 True 6 0.612245 0.052632  7487  4428  18  19  49
1362524405276 True 6 0.078431 0.617021 21726   813  18  47  51
1362524406304 True 6 0.000000 0.384615 22398   127  32  52  52
1362524407333 True 6 0.255319 0.485714 22544   222  18  35  47
1362524408285 True 6 0.351852 0.142857 22293   139  30  35  54
1362524409351 True 6 0.533333 0.142857 21902   101  18  21  45
1362524410258 True 4 1.000000 1.000000     0     0   0   0  51
1362524411287 True 4 1.000000 1.000000     0     0   0   0  49
1362524412252 True 4 0.870370 0.142857 18865   425   6   7  54
1362524413325 True 2 0.937500 0.666667 18296     0   1   3  48
1362524414299 True 2 0.921569 0.250000 16900   137   3   4  51
1362524415310 True 2 1.000000 1.000000     0     0   0   0  48
1362524416267 True 2 0.921569 0.750000 15042     0   1   4  51
1362524417305 True 2 1.000000 1.000000     0     0   0   0  47
1362524418241 True 2 0.924528 0.250000 13549    16   3   4  53
1362524419305 True 2 0.916667 0.000000 12309    10   4   4  48
1362524420257 True 2 1.000000 1.000000     0     0   0   0  54
1362524421339 True 2 1.000000 1.000000     0     0   0   0  47
1362524422288 True 2 1.000000 1.000000     0     0   0   0  52
1362524423326 True 2 0.875000 0.166667  7851    18   5   6  48
1362524424277 True 2 0.529412 0.041667  7522   257  23  24  51
1362524425294 True 4 0.920000 0.000000  6574    19   4   4  50
1362524426295 True 4 0.803922 0.000000  5537   220  10  10  51
1362524427309 True 4 0.480000 0.153846  4721   299  22  26  50
1362524428311 True 3 0.411765 0.066667  3883   264  28  30  51
1362524429337 True 3 0.106383 0.071429  3284   188  39  42  47
1362524430281 True 3 0.346154 0.205882  2590   251  27  34  52
1362524431320 True 3 0.081633 0.466667  2093    88  24  45  49
1362524432299 True 3 0.207547 0.476190  3287   177  22  42  53
1362524433365 True 3 0.000000 0.148936  2957   161  40  47  47
1362524434289 True 3 0.019608 0.080000  2403   269  46  50  51
1362524435306 True 3 0.000000 1.000000     0     0   0  50  49
1362524436296 True 3 0.000000 0.196078  1618   180  41  51  51
1362524437315 True 3 0.000000 0.100000   890   214  45  50  50
1362524438317 True 3 0.000000 0.160000   310   158  42  50  50
1362524439308 True 3 0.102041 0.272727   200   235  32  44  49
1362524440289 True 3 0.207547 0.595238  3100   990  17  42  53
1362524441356 True 3 0.195652 0.459459  3778   205  20  37  46
1362524442273 True 3 0.452830 0.758621  6025   708   7  29  53
1362524443338 True 2 0.312500 0.636364  6506    49  12  33  48
1362524444301 True 2 0.903846 0.600000 13011    12   2   5  52
1362524445341 True 2 0.041667 0.152174 12904    98  39  46  48
1362524446290 True 3 0.019608 0.220000 12758   140  39  50  51
1362524447317 True 3 0.360000 0.156250 12401   168  27  32  50
1362524448311 True 3 0.528302 0.240000 11296    56  19  25  53
1362524449376 True 3 0.382979 0.448276 10810   213  16  29  47
1362524450313 True 3 0.568627 0.272727 10398   276  16  22  51
1362524451333 True 3 0.916667 0.500000  9814     9   2   4  48
1362524452300 True 3 1.000000 1.000000     0     0   0   0  53
1362524453348 True 3 0.666667 0.312500  7781   123  11  16  48
1362524454319 True 3 1.000000 1.000000     0     0   0   0  50
1362524455323 True 3 0.745098 0.153846  5697   169  11  13  51
1362524456328 True 3 0.854167 0.142857  5107   118   6   7  48
1362524457288 True 3 0.780000 0.636364  3565    74   4  11  50
1362524458304 True 3 0.037037 0.423077  3389   135  30  52  54
1362524459370 True 3 0.043478 0.272727  2929    99  32  44  46
1362524460293 True 3 0.000000 0.288462  2503   134  37  52  52
1362524461329 True 2 0.020408 0.104167  1982   164  43  48  49
1362524462312 True 2 0.000000 0.137255  1335   218  44  51  51
1362524463345 True 2 0.000000 0.019608   633   199  50  51  51
1362524464364 True 3 0.020000 0.000000    49    76  49  49  50
1362524465354 True 3 0.000000 0.102041     7     4  44  49  49
1362524466334 True 3 0.000000 0.140000    34    36  43  50  50
1362524467343 True 4 0.020408 0.166667    10     8  40  48  49
1362524468312 True 4 0.057692 0.306122    51    54  34  49  52
1362524469357 True 4 0.000000 0.285714    24    30  35  49  49
1362524470345 True 2 0.019231 0.392157    51    55  31  51  52
1362524471376 True 2 0.020833 0.148936    64    75  40  47  48
1362524472338 True 2 0.018182 0.074074     8     3  50  54  55
1362524473444 True 4 0.000000 0.200000     9     6  36  45  45
1362524474329 True 4 0.019231 0.274510    95   104  37  51  52
1362524475368 True 4 0.021277 0.478261   223    53  24  46  47
1362524476321 True 2 0.125000 0.775510   720   424  11  49  56
1362524477425 True 2 0.173913 0.763158  1244   170   9  38  46
1362524478355 True 2 0.340000 0.848485  3695   738   5  33  50
1362524479356 True 2 0.795918 1.000000     0     0   0  10  49
1362524480338 True 2 0.423077 0.433333 14294   324  17  30  52
1362524481368 True 2 0.122449 0.232558 15806   146  33  43  49
1362524482359 True 2 0.019231 0.627451 15824    52  19  51  52
1362524483389 True 2 0.000000 0.276596 15674   143  34  47  47
1362524484341 True 2 0.557692 0.173913 15357    76  19  23  52
1362524485380 True 2 1.000000 1.000000     0     0   0   0  47
1362524486318 True 2 0.846154 0.000000 13643    39   8   8  52
1362524487358 True 2 0.918367 0.000000 12498    11   4   4  49
1362524488338 True 2 0.692308 0.187500 11470   283  13  16  52
1362524489379 True 2 0.916667 0.250000 10920    17   3   4  48
1362524490334 True 2 0.698113 0.250000  9677   234  12  16  53
1362524491386 True 1 0.875000 0.333333  8445   229   4   6  48
1362524492352 True 1 0.961538 0.000000  8214     9   2   2  52
1362524493398 True 1 1.000000 1.000000     0     0   0   0  48
1362524494364 True 1 0.326923 0.257143  6348   113  26  35  52
1362524495387 True 1 0.877551 0.166667  5484    24   5   6  49
1362524496386 True 1 0.833333 0.250000  4157    39   6   8  48
1362524497331 True 1 0.137255 0.340909  3951   112  29  44  51
1362524498351 True 1 0.102041 0.545455  4308   246  20  44  49
1362524499327 True 1 0.018519 0.301887  4217    82  37  53  54
1362524500423 True 3 0.041667 0.543478  4190   113  21  46  48
1362524501381 True 3 0.020408 0.437500  4073    70  27  48  49
1362524502356 True 3 0.529412 0.458333  3967    71  13  24  51
1362524503380 True 2 0.081633 0.466667  9440   142  24  45  49
1362524504361 True 2 0.000000 0.480000  9777   104  26  50  50
1362524505351 True 2 0.102041 0.250000  9562    90  33  44  49
1362524506326 True 2 0.000000 0.111111  9197   143  48  54  53
1362524507396 True 2 0.000000 0.354167  8940   111  31  48  48
1362524508363 True 2 0.980392 0.000000  8805     0   1   1  51
1362524509374 True 2 0.760000 0.000000  7473    55  12  12  50
1362524510378 True 2 1.000000 1.000000     0     0   0   0  50
1362524511371 True 2 0.510204 0.000000  5343   110  24  24  49
1362524512363 True 3 0.679245 0.235294  4515   392  13  17  53
1362524513406 True 3 0.479167 0.040000  3677   193  24  25  48
1362524514370 True 3 0.111111 0.145833  2771   185  41  48  54
1362524515445 True 3 0.000000 0.304348  2346    89  32  46  45
1362524516351 True 3 0.019231 0.137255  1840   192  44  51  52
1362524517398 True 3 0.000000 0.102041  1193   179  44  49  49
1362524518373 True 3 0.000000 0.076923   455   241  48  52  52
1362524519414 True 3 0.020000 0.081633    17    18  45  49  50
1362524520413 True 3 0.020408 0.104167   236   242  43  48  49
1362524521394 True 3 0.000000 0.040816   276   219  47  49  49
1362524522376 True 3 0.000000 0.100000    43    38  45  50  50
1362524523382 True 3 0.019608 0.100000    45    51  45  50  51
1362524524398 True 4 0.000000 0.240000    76    69  38  50  50
1362524525401 True 4 0.000000 0.040816    14    21  47  49  49
1362524526376 True 4 0.000000 0.115385    10    13  46  52  52
1362524527415 True 5 0.000000 0.041667    25    29  46  48  48
1362524528384 True 5 0.000000 0.173077    17    20  43  52  52
1362524529421 True 5 0.000000 0.062500    26    32  45  48  48
1362524530377 True 5 0.019608 0.160000    33    34  42  50  51
1362524531386 True 5 0.000000 0.080000    17    21  46  50  50
1362524532394 True 5 0.000000 0.204082    43    38  39  49  49
1362524533371 True 5 0.000000 0.080000    15    19  46  50  50
1362524534381 True 5 0.000000 0.160000   139    86  42  50  50
1362524535368 True 5 0.000000 0.019608   182   163  50  51  51
1362524536386 True 5 0.000000 0.122449    43    39  43  49  49
1362524537373 True 5 0.000000 0.163265    44    49  41  49  49
1362524538357 True 5 0.000000 0.094340    53    57  48  53  53
1362524539411 True 6 0.000000 0.040816    10     5  47  49  49
1362524540401 True 6 0.000000 0.115385    21    34  46  52  52
1362524541435 True 6 0.021739 0.177778    20    24  37  45  46
1362524542351 True 6 0.000000 0.132075    16    22  46  53  53
1362524543423 True 6 0.000000 0.265306    23    24  36  49  49
1362524544388 True 6 0.000000 0.333333   463   431  34  51  51
1362524545408 True 5 0.000000 0.367347  1019    83  31  49  49
1362524546397 True 5 0.000000 0.470588   834    80  27  51  51
1362524547423 True 5 0.020000 0.265306  1030   127  36  49  50
1362524548415 True 4 0.040000 0.354167  1100   117  31  48  50
1362524549417 True 4 0.020408 0.562500  1044    89  21  48  49
1362524550394 True 4 0.039216 0.591837   823    60  20  49  51
1362524551414 True 3 0.019608 0.300000   766    99  35  50  51
1362524552443 True 3 0.061224 0.456522   674   274  25  46  49
1362524553421 True 3 0.122449 0.604651  2806   403  17  43  49
1362524554393 True 2 0.019608 0.440000  3498   120  28  50  51
1362524555419 True 2 0.000000 0.416667  3472   111  28  48  48
1362524556377 True 2 0.019231 0.411765  3415    75  30  51  52
1362524557423 True 3 0.040816 0.382979  3280    74  29  47  49
1362524558404 True 3 0.098039 0.760870  3464   224  11  46  51
1362524559414 True 3 0.235294 0.076923  8999   127  36  39  51
1362524560440 True 4 0.000000 0.000000  8368   194  50  50  50
1362524561438 True 4 0.000000 0.000000  7686   178  48  48  48
1362524562397 True 4 0.000000 0.000000  6971   229  52  52  52
1362524563429 True 3 0.000000 0.000000  6276   181  48  48  48
1362524564400 True 3 0.568627 0.000000  5867   103  22  22  51
1362524565412 True 3 1.000000 1.000000     0     0   0   0  51
1362524566435 True 3 1.000000 1.000000     0     0   0   0  46
1362524567370 True 3 1.000000 1.000000     0     0   0   0  53
1362524568427 True 3 0.392157 0.000000  1480   133  31  31  51
1362524569441 True 8 0.020408 0.000000   901   207  48  48  49
1362524570406 True 8 0.000000 0.019231   186   167  51  52  51
1362524571427 True 8 0.000000 0.021277     9     4  46  47  47
1362524572381 True 6 0.000000 0.000000     8     3  54  54  54
1362524573451 True 6 0.000000 0.000000     9     5  48  48  48
1362524574413 True 6 0.000000 0.000000     8     4  52  52  52
1362524575454 True 5 0.000000 0.000000     9     7  49  49  49
1362524576443 True 5 0.000000 0.000000    11     7  50  50  50
1362524577437 True 5 0.000000 0.000000    14    14  48  48  48
1362524578394 True 7 0.000000 0.000000    16    23  54  54  54
1362524579480 True 7 0.000000 0.000000    15    20  48  48  48
1362524580439 True 7 0.000000 0.020000    48    91  49  50  50
1362524581431 True 7 0.040816 0.000000   264    99  47  47  49
1362524582421 True 7 0.020408 0.000000   521   100  48  48  49
1362524583401 True 7 0.000000 0.000000   100   103  51  51  51
1362524584421 True 6 0.020000 0.000000    14    14  49  49  50
1362524585419 True 6 0.075472 0.000000    25    28  49  49  53
1362524586466 True 6 0.019231 0.019608   152    67  50  51  52
1362524587507 True 6 0.021277 0.000000    33    31  46  46  47
1362524588446 True 6 0.100000 0.000000   258    70  45  45  50
1362524589451 True 6 0.040816 0.000000   181   109  47  47  49
1362524590427 True 6 0.078431 0.000000   423   388  47  47  51
1362524591462 True 6 0.000000 0.000000  1445    89  47  47  47
1362524592390 True 6 0.000000 0.000000  1021   197  52  52  52
1362524593441 True 6 0.000000 0.000000   462   112  48  48  48
1362524594394 True 6 0.000000 0.000000   157   117  54  54  54
1362524595467 True 6 0.000000 0.000000    11     7  46  46  46
1362524596399 True 7 0.055556 0.000000   181   138  51  51  54
1362524597471 True 7 0.085106 0.000000   409   532  43  43  47
1362524598421 True 7 0.113208 0.021277  3464  1693  46  47  53
1362524599476 True 4 0.000000 0.000000  4408   175  46  46  46
1362524600399 True 4 0.000000 0.000000  3749   225  53  53  53
1362524601453 True 4 0.000000 0.000000  3165   158  49  49  49
1362524602431 True 5 0.000000 0.000000  2462   206  52  52  52
1362524603480 True 5 0.000000 0.000000  1857   144  50  50  50
1362524604471 True 5 0.000000 0.020000  1482   146  49  50  50
1362524605480 True 5 0.000000 0.020833  1163    89  47  48  48
1362524606445 True 5 0.000000 0.000000   740   167  51  51  51
1362524607464 True 5 0.000000 0.000000   224    95  49  49  49
1362524608430 True 6 0.000000 0.000000   263   106  49  49  49
1362524609424 True 6 0.000000 0.000000  1093   339  50  50  50
1362524610418 True 6 0.000000 0.000000  1201   167  53  53  53
1362524611474 True 5 0.000000 0.000000  1102   158  48  48  48
1362524612444 True 5 0.000000 0.020000   519   126  49  50  50
1362524613442 True 5 0.000000 0.000000   279    63  51  51  51
1362524614459 True 6 0.125000 0.000000   842   793  42  42  48
1362524615416 True 6 0.076923 0.000000  3817    58  48  48  52
1362524616450 True 6 0.039216 0.000000  5487  1712  49  49  51
1362524617474 True 5 0.062500 0.000000  8399   509  45  45  48
1362524618431 True 5 0.092593 0.000000 10063  1754  49  49  54
1362524619514 True 5 0.872340 0.000000 15222  2082   6   6  47
1362524620462 True 5 1.000000 1.000000     0     0   0   0  50
1362524621476 True 5 1.000000 1.000000     0     0   0   0  48
1362524622446 True 5 1.000000 1.000000     0     0   0   0  51
1362524623466 True 3 1.000000 1.000000     0     0   0   0  48
1362524624430 True 3 1.000000 1.000000     0     0   0   0  51
1362524625459 True 3 1.000000 1.000000     0     0   0   0  50
1362524626460 True 4 1.000000 1.000000     0     0   0   0  49
1362524627444 True 4 1.000000 1.000000     0     0   0   0  51
1362524628462 True 4 1.000000 1.000000     0     0   0   0  49
1362524629453 True 5 1.000000 1.000000     0     0   0   0  49
1362524630448 True 5 1.000000 1.000000     0     0   0   0  52
1362524631491 True 5 1.000000 1.000000     0     0   0   0  48
1362524632450 True 4 1.000000 1.000000     0     0   0   0  51
1362524633480 True 4 1.000000 1.000000     0     0   0   0  49
1362524634472 True 4 1.000000 1.000000     0     0   0   0  48
1362524635443 True 5 1.000000 1.000000     0     0   0   0  49
1362524636431 True 5 1.000000 1.000000     0     0   0   0  53
1362524637486 True 5 1.000000 1.000000     0     0   0   0  50
1362524638495 True 5 1.000000 1.000000     0     0   0   0  48
1362524639450 True 5 1.000000 1.000000     0     0   0   0  51
1362524640465 True 5 1.000000 1.000000     0     0   0   0  49
1362524641447 True 4 1.000000 1.000000     0     0   0   0  53
1362524642515 True 4 1.000000 1.000000     0     0   0   0  48
1362524643484 True 4 1.000000 1.000000     0     0   0   0  49
1362524644471 True 3 1.000000 1.000000     0     0   0   0  52
1362524645510 True 3 1.000000 1.000000     0     0   0   0  48
1362524646466 True 3 1.000000 1.000000     0     0   0   0  53
1362524647514 True 2 1.000000 1.000000     0     0   0   0  48
1362524648467 True 2 1.000000 1.000000     0     0   0   0  52
1362524649502 True 2 1.000000 1.000000     0     0   0   0  50
1362524650491 True 2 1.000000 1.000000     0     0   0   0  51
1362524651490 True 2 1.000000 1.000000     0     0   0   0  49
1362524652463 False 0 1.000000 1.000000     0     0   0   0  52
1362524653480 False 0 1.000000 1.000000     0     0   0   0  51
1362524654469 False 0 0.555556 0.000000    67     8  24  24  54
1362524655534 True -1 0.000000 0.000000    71    13  47  47  47
1362524656482 True -1 0.000000 0.000000    67     8  53  53  53
1362524657529 True -1 0.000000 0.000000    62     7  48  48  48
1362524658500 True -1 0.000000 0.000000    65     6  49  49  49
1362524659471 True -1 0.000000 0.000000    62     3  51  51  51
1362524660499 True -1 0.000000 0.000000    76    37  52  52  52
1362524661533 True -1 0.000000 0.000000    63     5  48  48  48
1362524662500 True -1 0.000000 0.000000    64     4  51  51  51
1362524663509 True -1 0.000000 0.000000    63     4  50  50  50
1362524664522 True -1 0.000000 0.000000    63     8  51  51  51
1362524665526 True -1 0.000000 0.000000    61     6  48  48  48
1362524666495 True -1 0.000000 0.000000    59     7  50  50  50
1362524667498 True -1 0.000000 0.000000    60     5  55  55  55
1362524668604 True -1 0.069767 0.050000    45    26  38  40  43
1362524669458 True -1 0.000000 0.075472   111    96  49  53  53
1362524670509 True 4 0.000000 0.039216    76    72  49  51  51
1362524671529 True 4 0.000000 0.021277    87    77  46  47  47
1362524672472 True 4 0.000000 0.018868    30    17  52  53  53
1362524673532 True 4 0.000000 0.000000    47    40  48  48  48
1362524674494 True 4 0.000000 0.038462    60    76  50  52  52
1362524675544 True 4 0.000000 0.021277   117    71  46  47  47
1362524676471 True 4 0.018519 0.000000    39    39  53  53  54
1362524677545 True 4 0.000000 0.041667    72    53  46  48  47
1362524678490 True 5 0.000000 0.019608    91    85  50  51  51
1362524679527 True 5 0.000000 0.000000    32    25  52  52  52
1362524680554 True 5 0.000000 0.000000    20    16  50  50  50
1362524681553 True 7 0.000000 0.061224    37    42  46  49  49
1362524682529 True 7 0.000000 0.020000    97    66  49  50  50
1362524683533 True 7 0.000000 0.041667    72    45  46  48  48
1362524684501 True 6 0.000000 0.000000    36    31  50  50  50
1362524685502 True 6 0.000000 0.000000    17    13  50  50  50
1362524686503 True 6 0.000000 0.018519    28    22  53  54  54
1362524687579 True 7 0.000000 0.000000    23    14  47  47  47
1362524688519 True 7 0.000000 0.019608    57    49  50  51  51
1362524689545 True 7 0.000000 0.000000    20    16  51  51  51
1362524690549 True 5 0.000000 0.041667    14    12  46  48  48
1362524691523 True 5 0.000000 0.000000    16    13  49  49  49
1362524692494 True 5 0.000000 0.019608    36    22  50  51  51
1362524693516 True 6 0.000000 0.061224   190    87  46  49  49
1362524694488 True 6 0.000000 0.132075   142    99  46  53  53
1362524695547 True 6 0.000000 0.166667   199   119  40  48  48
1362524696512 True 4 0.265306 0.222222   398   110  28  36  49
1362524697502 True 4 0.000000 0.269231   208    66  38  52  52
1362524698543 True 4 0.020408 0.708333   288   110  14  48  49
1362524699511 True 3 0.000000 0.470588   441    77  27  51  51
1362524700536 True 3 0.000000 0.760000   496    28  12  50  50
1362524701533 True 3 0.040000 0.541667   600   106  22  48  50
1362524702525 True 3 0.000000 0.240000   370   124  38  50  50
1362524703525 True 3 0.000000 0.431373   222    67  29  51  50
1362524704527 True 3 0.000000 0.431373    61    48  29  51  51
1362524705548 True 4 0.040000 0.354167   173   129  31  48  50
1362524706549 True 4 0.058824 0.062500   353    77  45  48  51
1362524707565 True 4 0.000000 0.041667    20    29  46  48  47
1362524708519 True 5 0.000000 0.153846    11     6  44  52  52
1362524709561 True 5 0.000000 0.306122    25    26  34  49  49
1362524710541 True 5 0.000000 0.173077    15    12  43  52  52
1362524711569 True 4 0.000000 0.382979    15     8  29  47  47
1362524712522 True 4 0.000000 0.117647    18    19  45  51  51
1362524713537 True 4 0.000000 0.215686    76   122  40  51  51
1362524714561 True 3 0.039216 0.551020   724    44  22  49  51
1362524715572 True 3 0.063830 0.704545   847   375  13  44  47
1362524716506 True 3 0.000000 0.351852  2457   344  35  54  53
1362524717575 True 2 0.142857 0.452381  3993  1243  23  42  49
1362524718546 True 2 0.000000 0.480000  5615   155  26  50  49
1362524719537 True 2 0.000000 0.340000  6641   269  33  50  50
1362524720545 True 6 0.039216 0.612245  8392   451  19  49  51
1362524721554 True 6 0.060000 0.617021 10643   103  18  47  50
1362524722560 True 6 0.000000 0.745098 13157   459  13  51  51
1362524723572 True 4 0.914894 1.000000     0     0   0   4  47
1362524724523 True 4 1.000000 1.000000     0     0   0   0  52
1362524725582 True 4 1.000000 1.000000     0     0   0   0  45
1362524726493 True 6 1.000000 1.000000     0     0   0   0  52
1362524727535 True 6 1.000000 1.000000     0     0   0   0  48
1362524728512 True 6 1.000000 1.000000     0     0   0   0  53
1362524729578 True 4 1.000000 1.000000     0     0   0   0  49
1362524730555 True 4 1.000000 1.000000     0     0   0   0  49
1362524731537 True 4 1.000000 1.000000     0     0   0   0  50
1362524732547 True 5 1.000000 1.000000     0     0   0   0  49
1362524733528 True 5 1.000000 1.000000     0     0   0   0  50
1362524734522 True 5 1.000000 1.000000     0     0   0   0  52
1362524735564 True 3 1.000000 1.000000     0     0   0   0  50
1362524736561 True 3 1.000000 1.000000     0     0   0   0  48
1362524737524 True 3 1.000000 1.000000     0     0   0   0  52
1362524738560 True 3 1.000000 1.000000     0     0   0   0  50
1362524739560 True 3 1.000000 1.000000     0     0   0   0  50
1362524740555 True 3 1.000000 1.000000     0     0   0   0  50
1362524741556 True 3 1.000000 1.000000     0     0   0   0  51
1362524742572 True 3 1.000000 1.000000     0     0   0   0  51
1362524743589 True 3 1.000000 1.000000     0     0   0   0  50
1362524744576 True 2 1.000000 1.000000     0     0   0   0  49
1362524745543 False 0 0.903846 0.000000   605   140   5   5  52
1362524746551 False 0 0.960784 1.000000     0     0   0   2  51
1362524747582 True 4 1.000000 1.000000     0     0   0   0  48
1362524748550 True 4 1.000000 1.000000     0     0   0   0  52
1362524749598 False -1 1.000000 1.000000     0     0   0   0  48
1362524750562 False -1 1.000000 1.000000     0     0   0   0  48
1362524751532 False -1 1.000000 1.000000     0     0   0   0  51
1362524752562 False -1 1.000000 1.000000     0     0   0   0  49
1362524753551 False -1 1.000000 1.000000     0     0   0   0  53
1362524754604 False -1 1.000000 1.000000     0     0   0   0  49
1362524755575 False -1 1.000000 1.000000     0     0   0   0  48
1362524756523 False -1 1.000000 1.000000     0     0   0   0  51
1362524757518 False -1 0.169811 0.000000    66     7  44  44  53
1362524758581 True -1 0.000000 0.000000    67     7  50  50  50
1362524759576 True -1 0.000000 0.000000    68     8  47  47  47
1362524760520 True -1 0.000000 0.000000    66     7  54  54  54
1362524761589 True -1 0.000000 0.000000    64     4  52  52  52
1362524762633 True -1 0.000000 0.000000    66     5  47  47  47
1362524763570 True -1 0.000000 0.000000    69     8  50  50  50
1362524764569 True -1 0.000000 0.000000    84    40  50  50  50
1362524765575 True -1 0.071429 0.019231   576   353  51  52  56
1362524766686 True -1 0.177778 0.000000  2059   450  37  37  45
1362524767594 False -1 0.040000 0.000000  2168   118  48  48  50
1362524768595 True 4 0.395833 0.000000  2561   744  29  29  48
1362524769555 True 3 0.207547 0.000000  7101  2103  42  42  53
1362524770612 True 3 0.693878 0.666667 17912   285   5  15  49
1362524771591 True 3 0.000000 0.540000 19114   436  23  50  50
1362524772603 True 2 0.020000 0.632653 20302   302  18  49  50
1362524773593 True 2 0.000000 0.254902 20233   120  38  51  51
1362524774614 True 2 0.686275 0.937500 19958     0   1  16  51
1362524775627 True 2 0.588235 0.476190 20290    35  11  21  51
1362524776654 True 2 1.000000 1.000000     0     0   0   0  47
1362524777599 True 2 1.000000 1.000000     0     0   0   0  52
1362524778635 True 2 1.000000 1.000000     0     0   0   0  46
1362524779560 True 2 1.000000 1.000000     0     0   0   0  52
1362524780597 True 2 0.591837 0.200000 15448   223  16  20  49
1362524781583 True 4 0.849057 0.000000 14325   245   8   8  53
1362524782638 True 4 0.920000 0.750000 13483     0   1   4  50
1362524783639 True 4 0.918367 0.000000 12885    21   4   4  49
1362524784606 True 2 0.918367 0.750000 11787     0   1   4  49
1362524785599 True 2 0.923077 0.000000 10770    14   4   4  52
1362524786637 True 2 0.920000 0.250000  9676    23   3   4  50
1362524787629 True 2 1.000000 1.000000     0     0   0   0  50
1362524788646 True 2 0.604167 0.210526  7758    68  15  19  48
1362524789590 True 2 0.620000 0.684211  8614    61   6  19  50
1362524790603 True 3 0.607843 0.700000  8245    74   6  20  51
1362524791623 True 3 0.549020 0.391304  7794    68  14  23  51
1362524792639 True 3 0.755102 0.333333  6808    30   8  12  49
1362524793608 True 2 0.000000 0.461538  6530   114  28  52  52
1362524794663 True 2 0.166667 0.475000  6240   129  21  40  48
1362524795610 True 2 0.365385 0.545455  5571   221  15  33  52
1362524796656 True 2 0.000000 0.521739  5701    71  22  46  46
1362524797576 True 2 0.566038 0.043478  5490    92  22  23  53
1362524798634 True 2 0.510638 0.086957  4311   126  21  23  47
1362524799568 True 2 0.055556 0.019608  3505   201  50  51  54
1362524800661 True 2 0.041667 0.217391  2896   136  36  46  48
1362524801619 True 2 1.000000 1.000000     0     0   0   0  54
1362524802697 True 3 1.000000 1.000000     0     0   0   0  46
1362524803618 True 3 0.115385 0.000000   280   135  46  46  52
1362524804653 True 3 0.000000 0.520833   272   194  23  48  48
1362524805624 True 5 0.000000 0.129630   260   169  47  54  54
1362524806699 True 5 0.000000 0.227273    27    27  34  44  44
1362524807574 True 5 0.000000 0.339623    24    24  35  53  53
1362524808629 True 4 0.000000 0.387755    32    29  30  49  49
1362524809614 True 4 0.000000 0.509434   115   108  26  53  53
1362524810667 True 4 0.000000 0.720000   439   182  14  50  50
1362524811679 True 3 0.020000 0.632653   419   104  18  49  50
1362524812682 True 3 0.000000 0.720000   952   174  14  50  50
1362524813678 True 3 0.083333 0.727273  2046   482  12  44  48
1362524814632 True 3 0.000000 0.734694  3118    99  13  49  49
1362524815624 True 3 0.037037 0.192308  2943   137  42  52  54
1362524816685 True 3 0.000000 0.375000  2513   106  30  48  47
1362524817638 True 4 0.018519 0.150943  2193    81  45  53  54
1362524818705 True 4 0.043478 0.295455  1894   122  31  44  46
1362524819628 True 4 0.000000 0.600000  1614    81  20  50  50
1362524820638 True 3 0.080000 0.565217  1872   135  20  46  50
1362524821645 True 3 0.094340 0.937500  2400   152   3  48  53
1362524822705 True 3 0.063830 0.545455  5912  1181  20  44  47
1362524823634 True 2 0.040816 0.510638  8343   202  23  47  49
1362524824618 True 2 0.080000 0.695652  8923   496  14  46  50
1362524825625 True 2 0.115385 0.456522 10465   307  25  46  52
1362524826655 True 2 0.140000 0.255814 12472  1238  32  43  50
1362524827659 True 2 0.117647 0.155556 13726    82  38  45  51
1362524828680 True 2 0.659574 0.125000 13181   167  14  16  47
1362524829623 True 3 1.000000 1.000000     0     0   0   0  51
1362524830635 True 3 0.958333 0.000000 11684     3   2   2  48
1362524831593 True 3 0.490566 0.259259 11112   202  20  27  53
1362524832658 True 3 0.416667 0.250000 10792   200  21  28  48
1362524833615 True 3 0.480769 0.111111 10041   227  24  27  52
1362524834648 True 3 0.720000 0.357143  9344   154   9  14  50
1362524835647 True 2 0.431373 0.551724  8908   137  13  29  51
1362524836685 True 2 0.687500 0.400000  8601    84   9  15  48
1362524837640 True 2 0.705882 0.733333  8437    31   4  15  51
1362524838659 True 1 1.000000 1.000000     0     0   0   0  49
1362524839646 True 1 1.000000 1.000000     0     0   0   0  49
1362524840630 True 1 1.000000 1.000000     0     0   0   0  51
1362524841653 True 4 1.000000 1.000000     0     0   0   0  50
1362524842663 True 4 1.000000 1.000000     0     0   0   0  49
1362524843640 True 4 1.000000 1.000000     0     0   0   0  51
1362524844643 True 5 0.647059 0.777778  2432    13   4  18  51
1362524845650 True 5 0.019231 0.000000  7570   260  51  51  52
1362524846703 True 5 0.000000 0.520833  7333   299  23  48  48
1362524847658 True 2 0.400000 0.500000  7249   298  15  30  50
1362524848652 True 2 0.083333 0.022727  6999    89  43  44  48
1362524849610 True 2 0.203704 0.069767  6689    55  40  43  54
1362524850697 True 2 0.914894 0.000000  6656    20   4   4  47
1362524851635 True 2 1.000000 1.000000     0     0   0   0  50
1362524852647 True 2 0.980392 0.000000  3794     0   1   1  51
1362524853648 True 2 0.173077 0.069767  3868   104  40  43  52
1362524854703 True 2 0.229167 0.081081  4037   121  34  37  48
1362524855658 True 2 0.307692 0.250000  4944   451  27  36  52
1362524856692 True 2 0.208333 0.052632  6144   179  36  38  48
1362524857646 True 2 0.230769 0.075000  6338    70  37  40  52
1362524858698 True 2 0.152174 0.025641  6285    78  38  39  46
1362524859621 True 2 0.240741 0.073171  6258    72  38  41  54
1362524860700 True 2 0.291667 0.029412  6250    89  33  34  48
1362524861646 True 2 0.755102 0.416667  6096   174   7  12  49
1362524862642 True 3 0.400000 0.066667  6135   110  28  30  50
1362524863638 True 3 0.442308 0.379310  6339   239  18  29  52
1362524864669 True 3 0.347826 0.366667  7127   226  19  30  46
1362524865601 True 4 0.473684 0.533333  8036   655  14  30  57
1362524866735 True 4 0.555556 0.700000  9706   737   6  20  45
1362524867626 True 4 0.634615 0.947368 10619     0   1  19  52
1362524868667 True 4 0.770833 0.818182 12263     2   2  11  48
1362524869642 True 4 0.396226 0.125000 14157   123  28  32  53
1362524870687 True 4 0.333333 0.031250 13635   106  31  32  48
1362524871656 True 4 0.730769 0.000000 12872   343  14  14  52
1362524872692 True 4 0.416667 0.142857 12204   201  24  28  48
1362524873656 True 4 0.923077 0.500000 11708    22   2   4  52
1362524874698 True 3 0.617021 0.000000 10624   150  18  18  47
1362524875640 True 3 0.529412 0.000000 10033   238  24  24  51
1362524876664 True 3 0.979592 0.000000  9655     0   1   1  49
1362524877637 True 3 0.473684 0.033333  8388   236  29  30  57
1362524878771 True 3 1.000000 1.000000     0     0   0   0  44
1362524879659 True 3 1.000000 1.000000     0     0   0   0  50
1362524880659 True 2 1.000000 1.000000     0     0   0   0  50
1362524881663 True 2 1.000000 1.000000     0     0   0   0  50
1362524882679 True 2 1.000000 1.000000     0     0   0   0  49
1362524883665 True 2 1.000000 1.000000     0     0   0   0  49
1362524884641 True 2 1.000000 1.000000     0     0   0   0  52
1362524885667 True 2 0.277778 0.076923   476   103  36  39  54
1362524886729 True 2 0.042553 0.088889   116    80  41  45  47
1362524887671 True 2 0.018868 0.096154    45    53  47  52  53
1362524888731 True 2 0.021739 0.044444    21    27  43  45  46
1362524889653 True 2 0.000000 0.040816    14    11  47  49  49
1362524890639 True 2 0.000000 0.019231    11     7  51  52  52
1362524891669 True 2 0.000000 0.019608    11     8  50  51  51
1362524892698 True 3 0.000000 0.000000    21    26  50  50  50
1362524893695 True 3 0.000000 0.040000     8     5  48  50  50
1362524894700 True 3 0.000000 0.000000    40    37  48  48  48
1362524895650 True 4 0.000000 0.000000    19    28  52  52  52
1362524896700 True 4 0.000000 0.000000    26    31  50  50  50
1362524897687 True 4 0.000000 0.000000    25    30  48  48  48
1362524898660 True 4 0.000000 0.019231    26    32  51  52  52
1362524899687 True 4 0.000000 0.000000    15    25  49  49  49
1362524900672 True 4 0.000000 0.000000     8     6  50  50  50
1362524901671 True 7 0.000000 0.000000     8     5  50  50  50
1362524902680 True 7 0.000000 0.000000    10     9  51  51  51
1362524903697 True 7 0.000000 0.058824    82   120  48  51  51
1362524904721 True 6 0.000000 0.041667    50    43  46  48  48
1362524905668 True 6 0.000000 0.039216    51    44  49  51  51
1362524906703 True 6 0.000000 0.196078   257   145  41  51  51
1362524907708 True 4 0.000000 0.120000   219   132  44  50  50
1362524908721 True 4 0.000000 0.020408    12     9  48  49  49
1362524909705 True 4 0.000000 0.115385    14    11  46  52  52
1362524910734 True 4 0.065217 0.186047    48    37  35  43  46
1362524911649 True 4 0.094340 0.395833   150    43  29  48  53
1362524912724 True 4 0.040000 0.395833    57    41  29  48  50
1362524913713 True 4 0.058824 0.187500    57    50  39  48  51
1362524914737 True 4 0.104167 0.674419   374   145  14  43  48
1362524915687 True 4 0.180000 0.926829  1539  1007   3  41  50
1362524916685 True 2 0.460000 0.962963  4604     0   1  27  50
1362524917697 True 2 0.711538 1.000000     0     0   0  15  52
1362524918743 True 2 0.978723 1.000000     0     0   0   1  47
1362524919695 True 2 1.000000 1.000000     0     0   0   0  50
1362524920694 True 2 1.000000 1.000000     0     0   0   0  50
1362524921695 True 2 1.000000 1.000000     0     0   0   0  50
1362524922709 True 3 1.000000 1.000000     0     0   0   0  49
1362524923690 True 3 1.000000 1.000000     0     0   0   0  49
1362524924687 True 3 1.000000 1.000000     0     0   0   0  47
1362524925637 True 2 1.000000 1.000000     0     0   0   0  52
1362524926688 True 2 1.000000 1.000000     0     0   0   0  49
1362524927680 True 2 1.000000 1.000000     0     0   0   0  51
1362524928702 True 2 1.000000 1.000000     0     0   0   0  51
1362524929723 True 2 1.000000 1.000000     0     0   0   0  48
1362524930676 True 2 1.000000 1.000000     0     0   0   0  50
1362524931672 True 1 1.000000 1.000000     0     0   0   0  53
1362524932721 True 1 1.000000 1.000000     0     0   0   0  51
1362524933739 True 1 1.000000 1.000000     0     0   0   0  47
1362524934680 True 3 1.000000 1.000000     0     0   0   0  52
1362524935702 False 0 1.000000 1.000000     0     0   0   0  51
1362524936718 False 0 1.000000 1.000000     0     0   0   0  51
1362524937711 False 0 0.979592 0.000000   270     0   1   1  49
1362524938684 False 0 0.000000 0.000000   101    59  52  52  52
1362524939711 True -1 0.000000 0.020000    81    25  49  50  50
1362524940709 True -1 0.000000 0.000000    64     7  49  49  49
1362524941693 True -1 0.000000 0.000000    63     6  49  49  49
1362524942683 True -1 0.000000 0.000000    62     6  55  55  55
1362524943767 True -1 0.000000 0.000000    64     6  46  46  46
1362524944694 True -1 0.000000 0.000000    63     5  52  52  52
1362524945743 True -1 0.020833 0.000000    63     5  47  47  48
1362524946686 True -1 0.000000 0.018868    62     5  52  53  52
1362524947745 True -1 0.000000 0.000000    65     7  48  48  48
1362524948687 True -1 0.000000 0.000000    63     5  51  51  51
1362524949709 True -1 0.000000 0.020000    92    51  49  50  50
1362524950724 True -1 0.000000 0.000000    71    16  49  49  49
1362524951687 True -1 0.000000 0.000000    66     8  49  49  49
1362524952671 True -1 0.000000 0.000000    62     5  53  53  53
1362524953738 True -1 0.000000 0.000000    61     4  49  49  49
1362524954723 True -1 0.000000 0.000000    63     6  50  50  50
1362524955723 True -1 0.000000 0.000000    67     8  48  48  48
1362524956681 True -1 0.000000 0.000000    68    15  52  52  52
1362524957711 True -1 0.019608 0.000000    63     7  50  50  51
1362524958726 True -1 0.000000 0.020000    73    31  49  50  49
1362524959725 True -1 0.000000 0.000000    63     6  48  48  48
1362524960679 True -1 0.018182 0.000000    64     8  54  54  55
1362524961765 True -1 0.000000 0.021277    82    28  46  47  46
1362524962702 True -1 0.000000 0.000000    77    14  51  51  51
1362524963715 True -1 0.000000 0.000000    75    12  49  49  49
1362524964693 True -1 0.000000 0.000000    67    13  55  55  55
1362524965790 True -1 0.000000 0.000000    62     4  46  46  46
1362524966714 True -1 0.000000 0.000000    87    56  52  52  52
1362524967757 True -1 0.000000 0.000000    62     5  48  48  48
1362524968729 True -1 0.000000 0.000000    60     3  52  52  52
1362524969757 True -1 0.000000 0.000000    61     4  49  49  49
1362524970742 True -1 0.000000 0.000000    64     6  52  52  52
1362524971774 True -1 0.000000 0.000000    64     6  47  47  47
1362524972719 True -1 0.880000 0.333333    58     0   4   6  50
1362524973716 True -1 0.230769 0.225000   171   142  31  40  52
1362524974757 True 4 0.020000 0.183673   222   133  40  49  50
1362524975747 True 4 0.061224 0.065217    98    68  43  46  49
1362524976744 True 2 0.018519 0.132075    55    48  46  53  54
1362524977807 True 2 0.155556 0.473684   216    55  20  38  45
1362524978714 True 2 0.020000 0.408163   284    76  29  49  50
1362524979716 True 1 0.081633 0.155556   175    63  38  45  49
1362524980698 True 1 0.000000 0.132075   174    79  46  53  53
1362524981758 True 1 0.083333 0.136364   677   555  38  44  48
1362524982716 True 3 0.018868 0.057692  1295   137  49  52  53
1362524983765 True 3 0.000000 0.062500   772   175  45  48  47
1362524984716 True 3 0.000000 0.098039   360    84  46  51  51
1362524985742 True 4 0.000000 0.060000   249   114  47  50  50
1362524986740 True 4 0.020408 0.104167   203   136  43  48  49
1362524987723 True 4 0.000000 0.000000   150    97  52  52  52
1362524988759 True 5 0.000000 0.081633   346   268  45  49  49
1362524989734 True 5 0.020408 0.145833  1239   250  41  48  49
1362524990717 True 5 0.000000 0.075472  1079   100  49  53  53
1362524991768 True 5 0.000000 0.142857   832   117  42  49  49
1362524992748 True 5 0.000000 0.060000   365   154  47  50  50
1362524993750 True 5 0.000000 0.080000   273   139  46  50  50
1362524994760 True 5 0.000000 0.326531   661   106  33  49  49
1362524995740 True 5 0.000000 0.285714   209   128  35  49  49
1362524996724 True 5 0.000000 0.192308    20    16  42  52  52
1362524997764 True 4 0.020408 0.229167   275   140  37  48  49
1362524998725 True 4 0.000000 0.117647   225   137  45  51  50
1362524999734 True 4 0.000000 0.060000    51    90  47  50  50
1362525000732 True 5 0.000000 0.115385   121    82  46  52  52
1362525001779 True 5 0.000000 0.122449    88    72  43  49  49
1362525002764 True 5 0.039216 0.244898   236    55  37  49  51
1362525003769 True 4 0.000000 0.080000    63    70  46  50  50
1362525004771 True 4 0.000000 0.060000   274    94  47  50  50
1362525005769 True 4 0.000000 0.061224   250   146  46  49  49
1362525006750 True 5 0.000000 0.039216    32    34  49  51  51
1362525007773 True 5 0.000000 0.020833    30    23  47  48  48
1362525008741 True 5 0.000000 0.037037    40    37  52  54  54
1362525009816 True 5 0.000000 0.042553    15    12  45  47  47
1362525010750 True 5 0.000000 0.100000    51    64  45  50  50
1362525011753 True 5 0.000000 0.098039   554   115  46  51  51
1362525012783 True 4 0.020000 0.061224   159   152  46  49  50
1362525013765 True 4 0.000000 0.040816    17    10  47  49  48
1362525014745 True 4 0.019231 0.098039    96    47  46  51  52
1362525015765 True 5 0.000000 0.260000   124    97  37  50  49
1362525016760 True 5 0.000000 0.074074   112    60  50  54  54
1362525017841 True 5 0.000000 0.021277    63    53  46  47  47
1362525018772 True 4 0.000000 0.000000    17    11  52  52  52
1362525019808 True 4 0.000000 0.086957    38    39  63  69  69
1362525021194 True 4 0.000000 0.080000    16    23  46  50  50
1362525022202 True 5 0.000000 0.020000     8     5  49  50  50
1362525023193 True 5 0.000000 0.040816    20    30  47  49  49
1362525024183 True 5 0.000000 0.038462    16    23  50  52  52
